

0  1
0.02  1
0.04  0.9996
0.06  0.9988
0.08  0.997601
0.1  0.996002
0.12  0.994006
0.14  0.991611
0.16  0.98882
0.18  0.985634
0.2  0.982053
0.22  0.978079
0.24  0.973714
0.26  0.96896
0.28  0.963818
0.3  0.95829
0.32  0.95238
0.34  0.946088
0.36  0.939418
0.38  0.932372
0.4  0.924953
0.42  0.917164
0.44  0.909008
0.46  0.900489
0.48  0.891609
0.5  0.882373
0.52  0.872784
0.54  0.862846
0.56  0.852562
0.58  0.841938
0.6  0.830977
0.62  0.819683
0.64  0.808062
0.66  0.796117
0.68  0.783854
0.7  0.771277
0.72  0.758392
0.74  0.745204
0.76  0.731717
0.78  0.717938
0.8  0.703871
0.82  0.689523
0.84  0.674899
0.86  0.660006
0.88  0.644848
0.9  0.629432
0.92  0.613764
0.94  0.597851
0.96  0.581699
0.98  0.565314
1  0.548704
1.02  0.531873
1.04  0.51483
1.06  0.497581
1.08  0.480133
1.1  0.462492
1.12  0.444667
1.14  0.426664
1.16  0.40849
1.18  0.390153
1.2  0.37166
1.22  0.353018
1.24  0.334235
1.26  0.315318
1.28  0.296275
1.3  0.277114
1.32  0.257842
1.34  0.238466
1.36  0.218996
1.38  0.199437
1.4  0.179799
1.42  0.160089
1.44  0.140315
1.46  0.120485
1.48  0.100606
1.5  0.0806877
1.52  0.0607368
1.54  0.0407616
1.56  0.02077
1.58  0.000770197
1.6  -0.01923
1.62  -0.0392224
1.64  -0.0591992
1.66  -0.0791523
1.68  -0.0990737
1.7  -0.118955
1.72  -0.13879
1.74  -0.158568
1.76  -0.178284
1.78  -0.197928
1.8  -0.217492
1.82  -0.23697
1.84  -0.256353
1.86  -0.275634
1.88  -0.294804
1.9  -0.313856
1.92  -0.332783
1.94  -0.351577
1.96  -0.37023
1.98  -0.388734
2  -0.407084
2.02  -0.42527
2.04  -0.443287
2.06  -0.461126
2.08  -0.478781
2.1  -0.496244
2.12  -0.513509
2.14  -0.530568
2.16  -0.547415
2.18  -0.564043
2.2  -0.580446
2.22  -0.596616
2.24  -0.612548
2.26  -0.628234
2.28  -0.64367
2.3  -0.658847
2.32  -0.673762
2.34  -0.688407
2.36  -0.702776
2.38  -0.716864
2.4  -0.730666
2.42  -0.744175
2.44  -0.757387
2.46  -0.770296
2.48  -0.782896
2.5  -0.795184
2.52  -0.807153
2.54  -0.8188
2.56  -0.830119
2.58  -0.841106
2.6  -0.851756
2.62  -0.862066
2.64  -0.872031
2.66  -0.881647
2.68  -0.890911
2.7  -0.899818
2.72  -0.908365
2.74  -0.916549
2.76  -0.924366
2.78  -0.931814
2.8  -0.938888
2.82  -0.945588
2.84  -0.951909
2.86  -0.957849
2.88  -0.963406
2.9  -0.968578
2.92  -0.973362
2.94  -0.977757
2.96  -0.981761
2.98  -0.985372
3  -0.988589
3.02  -0.99141
3.04  -0.993835
3.06  -0.995863
3.08  -0.997492
3.1  -0.998722
3.12  -0.999553
3.14  -0.999983
3.16  -1.00001
3.18  -0.999645
3.2  -0.998876
3.22  -0.997707
3.24  -0.99614
3.26  -0.994174
3.28  -0.99181
3.3  -0.989049
3.32  -0.985893
3.34  -0.982342
3.36  -0.978399
3.38  -0.974064
3.4  -0.96934
3.42  -0.964228
3.44  -0.95873
3.46  -0.952848
3.48  -0.946586
3.5  -0.939945
3.52  -0.932928
3.54  -0.925537
3.56  -0.917777
3.58  -0.909649
3.6  -0.901158
3.62  -0.892306
3.64  -0.883097
3.66  -0.873535
3.68  -0.863623
3.7  -0.853367
3.72  -0.842768
3.74  -0.831833
3.76  -0.820565
3.78  -0.808968
3.8  -0.797048
3.82  -0.78481
3.84  -0.772257
3.86  -0.759395
3.88  -0.74623
3.9  -0.732766
3.92  -0.719009
3.94  -0.704965
3.96  -0.690638
3.98  -0.676035
4  -0.661162
4.02  -0.646024
4.04  -0.630628
4.06  -0.61498
4.08  -0.599086
4.1  -0.582952
4.12  -0.566584
4.14  -0.549991
4.16  -0.533177
4.18  -0.51615
4.2  -0.498916
4.22  -0.481483
4.24  -0.463858
4.26  -0.446046
4.28  -0.428057
4.3  -0.409896
4.32  -0.391571
4.34  -0.37309
4.36  -0.354459
4.38  -0.335687
4.4  -0.31678
4.42  -0.297746
4.44  -0.278594
4.46  -0.25933
4.48  -0.239962
4.5  -0.220498
4.52  -0.200947
4.54  -0.181314
4.56  -0.161609
4.58  -0.14184
4.6  -0.122014
4.62  -0.102139
4.64  -0.082223
4.66  -0.0622743
4.68  -0.0423006
4.7  -0.0223101
4.72  -0.00231059
4.74  0.0176898
4.76  0.0376832
4.78  0.0576614
4.8  0.0776166
4.82  0.0975408
4.84  0.117426
4.86  0.137264
4.88  0.157047
4.9  0.176768
4.92  0.196417
4.94  0.215989
4.96  0.235473
4.98  0.254864
5  0.274153
5.02  0.293332
5.04  0.312393
5.06  0.33133
5.08  0.350134
5.1  0.368798
5.12  0.387315
5.14  0.405676
5.16  0.423876
5.18  0.441906
5.2  0.459759
5.22  0.477428
5.24  0.494906
5.26  0.512186
5.28  0.529262
5.3  0.546125
5.32  0.56277
5.34  0.579191
5.36  0.595379
5.38  0.611329
5.4  0.627035
5.42  0.64249
5.44  0.657688
5.46  0.672623
5.48  0.687288
5.5  0.701679
5.52  0.71579
5.54  0.729613
5.56  0.743146
5.58  0.75638
5.6  0.769313
5.62  0.781937
5.64  0.794249
5.66  0.806243
5.68  0.817914
5.7  0.829259
5.72  0.840271
5.74  0.850948
5.76  0.861284
5.78  0.871276
5.8  0.880919
5.82  0.89021
5.84  0.899145
5.86  0.90772
5.88  0.915932
5.9  0.923777
5.92  0.931253
5.94  0.938357
5.96  0.945085
5.98  0.951435
6  0.957405
6.02  0.962992
6.04  0.968193
6.06  0.973007
6.08  0.977432
6.1  0.981466
6.12  0.985108
6.14  0.988355
6.16  0.991207
6.18  0.993663
6.2  0.995721
6.22  0.997381
6.24  0.998641
6.26  0.999503
6.28  0.999964
6.3  1.00003
6.32  0.999688
6.34  0.998949
6.36  0.997812
6.38  0.996275
6.4  0.994339
6.42  0.992006
6.44  0.989276
6.46  0.98615
6.48  0.98263
6.5  0.978717
6.52  0.974412
6.54  0.969717
6.56  0.964635
6.58  0.959167
6.6  0.953315
6.62  0.947082
6.64  0.94047
6.66  0.933481
6.68  0.92612
6.7  0.918388
6.72  0.910288
6.74  0.901825
6.76  0.893
6.78  0.883819
6.8  0.874284
6.82  0.864399
6.84  0.854169
6.86  0.843596
6.88  0.832687
6.9  0.821444
6.92  0.809873
6.94  0.797978
6.96  0.785763
6.98  0.773235
7  0.760397
7.02  0.747255
7.04  0.733813
7.06  0.720079
7.08  0.706056
7.1  0.691751
7.12  0.67717
7.14  0.662317
7.16  0.647199
7.18  0.631823
7.2  0.616194
7.22  0.600318
7.24  0.584203
7.26  0.567853
7.28  0.551277
7.3  0.534479
7.32  0.517469
7.34  0.500251
7.36  0.482833
7.38  0.465222
7.4  0.447425
7.42  0.429448
7.44  0.4113
7.46  0.392988
7.48  0.374518
7.5  0.355899
7.52  0.337137
7.54  0.31824
7.56  0.299217
7.58  0.280073
7.6  0.260817
7.62  0.241457
7.64  0.222001
7.66  0.202455
7.68  0.182829
7.7  0.163129
7.72  0.143365
7.74  0.123543
7.76  0.103671
7.78  0.0837581
7.8  0.0638116
7.82  0.0438396
7.84  0.0238501
7.86  0.00385098
7.88  -0.0161496
7.9  -0.0361438
7.92  -0.0561235
7.94  -0.0760808
7.96  -0.0960076
7.98  -0.115896
8  -0.135738
8.02  -0.155526
8.04  -0.175251
8.06  -0.194907
8.08  -0.214484
8.1  -0.233976
8.12  -0.253374
8.14  -0.272671
8.16  -0.291859
8.18  -0.31093
8.2  -0.329876
8.22  -0.348691
8.24  -0.367366
8.26  -0.385894
8.28  -0.404268
8.3  -0.42248
8.32  -0.440523
8.34  -0.45839
8.36  -0.476074
8.38  -0.493567
8.4  -0.510863
8.42  -0.527954
8.44  -0.544834
8.46  -0.561496
8.48  -0.577934
8.5  -0.594141
8.52  -0.610109
8.54  -0.625834
8.56  -0.641309
8.58  -0.656527
8.6  -0.671482
8.62  -0.686169
8.64  -0.700581
8.66  -0.714713
8.68  -0.728559
8.7  -0.742114
8.72  -0.755372
8.74  -0.768327
8.76  -0.780976
8.78  -0.793312
8.8  -0.805331
8.82  -0.817027
8.84  -0.828397
8.86  -0.839435
8.88  -0.850138
8.9  -0.8605
8.92  -0.870519
8.94  -0.880189
8.96  -0.889507
8.98  -0.898469
9  -0.907072
9.02  -0.915312
9.04  -0.923186
9.06  -0.930691
9.08  -0.937823
9.1  -0.94458
9.12  -0.95096
9.14  -0.956959
9.16  -0.962575
9.18  -0.967806
9.2  -0.97265
9.22  -0.977105
9.24  -0.981169
9.26  -0.984841
9.28  -0.988119
9.3  -0.991002
9.32  -0.993488
9.34  -0.995576
9.36  -0.997267
9.38  -0.998559
9.4  -0.999451
9.42  -0.999943
9.44  -1.00004
9.46  -0.999728
9.48  -0.99902
9.5  -0.997913
9.52  -0.996407
9.54  -0.994502
9.56  -0.9922
9.58  -0.9895
9.6  -0.986405
9.62  -0.982915
9.64  -0.979032
9.66  -0.974757
9.68  -0.970093
9.7  -0.96504
9.72  -0.959602
9.74  -0.953779
9.76  -0.947575
9.78  -0.940992
9.8  -0.934033
9.82  -0.9267
9.84  -0.918996
9.86  -0.910925
9.88  -0.902489
9.9  -0.893693
9.92  -0.884539
9.94  -0.875031
9.96  -0.865173
9.98  -0.854969
10  -0.844423
10.02  -0.833539
10.04  -0.822322
10.06  -0.810776
10.08  -0.798905
10.1  -0.786715
10.12  -0.774211
10.14  -0.761396
10.16  -0.748277
10.18  -0.734859
10.2  -0.721147
10.22  -0.707146
10.24  -0.692863
10.26  -0.678302
10.28  -0.66347
10.3  -0.648373
10.32  -0.633016
10.34  -0.617406
10.36  -0.60155
10.38  -0.585452
10.4  -0.56912
10.42  -0.552561
10.44  -0.535781
10.46  -0.518786
10.48  -0.501584
10.5  -0.484181
10.52  -0.466585
10.54  -0.448802
10.56  -0.430839
10.58  -0.412704
10.6  -0.394404
10.62  -0.375946
10.64  -0.357338
10.66  -0.338587
10.68  -0.3197
10.7  -0.300686
10.72  -0.281551
10.74  -0.262304
10.76  -0.242952
10.78  -0.223502
10.8  -0.203964
10.82  -0.184343
10.84  -0.164649
10.86  -0.144889
10.88  -0.125071
10.9  -0.105203
10.92  -0.085293
10.94  -0.0653488
10.96  -0.0453785
10.98  -0.02539
11  -0.00539136
11.02  0.0146094
11.04  0.0346044
11.06  0.0545855
11.08  0.0745447
11.1  0.0944742
11.12  0.114366
11.14  0.134212
11.16  0.154004
11.18  0.173735
11.2  0.193396
11.22  0.21298
11.24  0.232478
11.26  0.251884
11.28  0.271189
11.3  0.290385
11.32  0.309465
11.34  0.328422
11.36  0.347247
11.38  0.365933
11.4  0.384473
11.42  0.402859
11.44  0.421083
11.46  0.43914
11.48  0.457021
11.5  0.474719
11.52  0.492227
11.54  0.509538
11.56  0.526645
11.58  0.543542
11.6  0.560221
11.62  0.576676
11.64  0.592901
11.66  0.608888
11.68  0.624632
11.7  0.640126
11.72  0.655364
11.74  0.67034
11.76  0.685047
11.78  0.699481
11.8  0.713635
11.82  0.727503
11.84  0.74108
11.86  0.754361
11.88  0.767341
11.9  0.780013
11.92  0.792373
11.94  0.804416
11.96  0.816138
11.98  0.827533
12  0.838597
12.02  0.849326
12.04  0.859714
12.06  0.869759
12.08  0.879457
12.1  0.888802
12.12  0.897792
12.14  0.906422
12.16  0.91469
12.18  0.922593
12.2  0.930126
12.22  0.937287
12.24  0.944073
12.26  0.950482
12.28  0.95651
12.3  0.962156
12.32  0.967417
12.34  0.972291
12.36  0.976776
12.38  0.98087
12.4  0.984572
12.42  0.987881
12.44  0.990794
12.46  0.99331
12.48  0.99543
12.5  0.997151
12.52  0.998473
12.54  0.999396
12.56  0.999919
12.58  1.00004
12.6  0.999766
12.62  0.999089
12.64  0.998013
12.66  0.996537
12.68  0.994663
12.7  0.992391
12.72  0.989722
12.74  0.986657
12.76  0.983198
12.78  0.979345
12.8  0.9751
12.82  0.970466
12.84  0.965443
12.86  0.960034
12.88  0.954241
12.9  0.948067
12.92  0.941513
12.94  0.934582
12.96  0.927278
12.98  0.919603
13  0.91156
13.02  0.903152
13.04  0.894383
13.06  0.885256
13.08  0.875775
13.1  0.865944
13.12  0.855767
13.14  0.845247
13.16  0.834389
13.18  0.823197
13.2  0.811676
13.22  0.799831
13.24  0.787665
13.26  0.775185
13.28  0.762394
13.3  0.749298
13.32  0.735903
13.34  0.722213
13.36  0.708235
13.38  0.693973
13.4  0.679433
13.42  0.664622
13.44  0.649545
13.46  0.634208
13.48  0.618617
13.5  0.602779
13.52  0.5867
13.54  0.570386
13.56  0.553844
13.58  0.537081
13.6  0.520102
13.62  0.502916
13.64  0.485528
13.66  0.467947
13.68  0.450178
13.7  0.432229
13.72  0.414107
13.74  0.395819
13.76  0.377373
13.78  0.358776
13.8  0.340036
13.82  0.32116
13.84  0.302155
13.86  0.283029
13.88  0.26379
13.9  0.244446
13.92  0.225004
13.94  0.205471
13.96  0.185857
13.98  0.166168
14  0.146413
14.02  0.126599
14.04  0.106735
14.06  0.0868277
14.08  0.0668858
14.1  0.0469172
14.12  0.0269299
14.14  0.00693172
14.16  -0.0130692
14.18  -0.0330649
14.2  -0.0530473
14.22  -0.0730085
14.24  -0.0929406
14.26  -0.112835
14.28  -0.132685
14.3  -0.152482
14.32  -0.172217
14.34  -0.191884
14.36  -0.211474
14.38  -0.23098
14.4  -0.250393
14.42  -0.269706
14.44  -0.288911
14.46  -0.308
14.48  -0.326966
14.5  -0.345802
14.52  -0.364499
14.54  -0.38305
14.56  -0.401448
14.58  -0.419686
14.6  -0.437755
14.62  -0.45565
14.64  -0.473362
14.66  -0.490885
14.68  -0.508212
14.7  -0.525335
14.72  -0.542248
14.74  -0.558944
14.76  -0.575417
14.78  -0.59166
14.8  -0.607666
14.82  -0.623428
14.84  -0.638942
14.86  -0.6542
14.88  -0.669196
14.9  -0.683924
14.92  -0.698379
14.94  -0.712555
14.96  -0.726445
14.98  -0.740045
15  -0.753349
15.02  -0.766352
15.04  -0.779048
15.06  -0.791432
15.08  -0.8035
15.1  -0.815247
15.12  -0.826667
15.14  -0.837757
15.16  -0.848511
15.18  -0.858927
15.2  -0.868998
15.22  -0.878722
15.24  -0.888095
15.26  -0.897112
15.28  -0.905771
15.3  -0.914067
15.32  -0.921997
15.34  -0.929559
15.36  -0.936749
15.38  -0.943564
15.4  -0.950002
15.42  -0.95606
15.44  -0.961735
15.46  -0.967026
15.48  -0.971929
15.5  -0.976445
15.52  -0.980569
15.54  -0.984301
15.56  -0.98764
15.58  -0.990583
15.6  -0.993131
15.62  -0.995281
15.64  -0.997033
15.66  -0.998386
15.68  -0.999339
15.7  -0.999893
15.72  -1.00005
15.74  -0.999801
15.76  -0.999155
15.78  -0.99811
15.8  -0.996665
15.82  -0.994822
15.84  -0.99258
15.86  -0.989942
15.88  -0.986907
15.9  -0.983478
15.92  -0.979656
15.94  -0.975441
15.96  -0.970837
15.98  -0.965844
16  -0.960464
16.02  -0.954701
16.04  -0.948556
16.06  -0.942031
16.08  -0.935129
16.1  -0.927854
16.12  -0.920207
16.14  -0.912192
16.16  -0.903812
16.18  -0.895071
16.2  -0.885972
16.22  -0.876518
16.24  -0.866714
16.26  -0.856563
16.28  -0.846069
16.3  -0.835237
16.32  -0.824071
16.34  -0.812575
16.36  -0.800755
16.38  -0.788614
16.4  -0.776157
16.42  -0.76339
16.44  -0.750318
16.46  -0.736945
16.48  -0.723278
16.5  -0.709321
16.52  -0.695081
16.54  -0.680563
16.56  -0.665772
16.58  -0.650715
16.6  -0.635398
16.62  -0.619827
16.64  -0.604008
16.66  -0.587947
16.68  -0.571651
16.7  -0.555126
16.72  -0.53838
16.74  -0.521417
16.76  -0.504247
16.78  -0.486875
16.8  -0.469307
16.82  -0.451553
16.84  -0.433617
16.86  -0.415508
16.88  -0.397233
16.9  -0.378799
16.92  -0.360214
16.94  -0.341484
16.96  -0.322618
16.98  -0.303623
17  -0.284506
17.02  -0.265276
17.04  -0.245939
17.06  -0.226504
17.08  -0.206979
17.1  -0.18737
17.12  -0.167687
17.14  -0.147937
17.16  -0.128127
17.18  -0.108266
17.2  -0.0883621
17.22  -0.0684227
17.24  -0.0484559
17.26  -0.0284697
17.28  -0.00847207
17.3  0.0115289
17.32  0.0315253
17.34  0.051509
17.36  0.0714722
17.38  0.0914067
17.4  0.111305
17.42  0.131158
17.44  0.150959
17.46  0.1707
17.48  0.190372
17.5  0.209968
17.52  0.229481
17.54  0.248901
17.56  0.268222
17.58  0.287435
17.6  0.306534
17.62  0.32551
17.64  0.344356
17.66  0.363064
17.68  0.381627
17.7  0.400037
17.72  0.418287
17.74  0.43637
17.76  0.454278
17.78  0.472005
17.8  0.489542
17.82  0.506884
17.84  0.524024
17.86  0.540953
17.88  0.557666
17.9  0.574157
17.92  0.590417
17.94  0.606441
17.96  0.622223
17.98  0.637756
18  0.653034
18.02  0.66805
18.04  0.6828
18.06  0.697276
18.08  0.711473
18.1  0.725386
18.12  0.739008
18.14  0.752335
18.16  0.765361
18.18  0.778081
18.2  0.79049
18.22  0.802582
18.24  0.814354
18.26  0.825799
18.28  0.836915
18.3  0.847695
18.32  0.858137
18.34  0.868235
18.36  0.877986
18.38  0.887385
18.4  0.89643
18.42  0.905117
18.44  0.913441
18.46  0.921399
18.48  0.92899
18.5  0.936208
18.52  0.943053
18.54  0.949519
18.56  0.955607
18.58  0.961311
18.6  0.966632
18.62  0.971566
18.64  0.976111
18.66  0.980265
18.68  0.984028
18.7  0.987397
18.72  0.990371
18.74  0.992949
18.76  0.995129
18.78  0.996912
18.8  0.998296
18.82  0.99928
18.84  0.999865
18.86  1.00005
18.88  0.999835
18.9  0.999219
18.92  0.998205
18.94  0.996791
18.96  0.994978
18.98  0.992767
19  0.990159
19.02  0.987155
19.04  0.983756
19.06  0.979964
19.08  0.97578
19.1  0.971205
19.12  0.966242
19.14  0.960892
19.16  0.955158
19.18  0.949042
19.2  0.942547
19.22  0.935674
19.24  0.928427
19.26  0.920809
19.28  0.912822
19.3  0.904471
19.32  0.895757
19.34  0.886685
19.36  0.877259
19.38  0.867481
19.4  0.857357
19.42  0.846889
19.44  0.836083
19.46  0.824943
19.48  0.813472
19.5  0.801676
19.52  0.78956
19.54  0.777127
19.56  0.764384
19.58  0.751335
19.6  0.737986
19.62  0.724341
19.64  0.710406
19.66  0.696188
19.68  0.681691
19.7  0.666921
19.72  0.651884
19.74  0.636587
19.76  0.621035
19.78  0.605235
19.8  0.589192
19.82  0.572914
19.84  0.556407
19.86  0.539677
19.88  0.522731
19.9  0.505577
19.92  0.488219
19.94  0.470667
19.96  0.452927
19.98  0.435005
20  0.416909
20.02  0.398646
20.04  0.380224
20.06  0.36165
20.08  0.342932
20.1  0.324076
20.12  0.30509
20.14  0.285983
20.16  0.266761
20.18  0.247432
20.2  0.228004
20.22  0.208485
20.24  0.188883
20.26  0.169205
20.28  0.14946
20.3  0.129655
20.32  0.109797
20.34  0.0898964
20.36  0.0699594
20.38  0.0499944
20.4  0.0300094
20.42  0.0100124
20.44  -0.0099886
20.46  -0.0299856
20.48  -0.0499706
20.5  -0.0699356
20.52  -0.0898727
20.54  -0.109774
20.56  -0.129631
20.58  -0.149436
20.6  -0.169182
20.62  -0.18886
20.64  -0.208462
20.66  -0.227981
20.68  -0.247409
20.7  -0.266738
20.72  -0.28596
20.74  -0.305067
20.76  -0.324053
20.78  -0.342909
20.8  -0.361628
20.82  -0.380202
20.84  -0.398625
20.86  -0.416887
20.88  -0.434983
20.9  -0.452905
20.92  -0.470646
20.94  -0.488199
20.96  -0.505556
20.98  -0.522711
21  -0.539657
21.02  -0.556387
21.04  -0.572895
21.06  -0.589173
21.08  -0.605216
21.1  -0.621016
21.12  -0.636569
21.14  -0.651866
21.16  -0.666903
21.18  -0.681673
21.2  -0.696171
21.22  -0.71039
21.24  -0.724324
21.26  -0.73797
21.28  -0.751319
21.3  -0.764369
21.32  -0.777112
21.34  -0.789545
21.36  -0.801662
21.38  -0.813458
21.4  -0.824929
21.42  -0.83607
21.44  -0.846877
21.46  -0.857345
21.48  -0.867469
21.5  -0.877247
21.52  -0.886674
21.54  -0.895746
21.56  -0.90446
21.58  -0.912813
21.6  -0.9208
21.62  -0.928418
21.64  -0.935666
21.66  -0.942539
21.68  -0.949035
21.7  -0.955151
21.72  -0.960886
21.74  -0.966236
21.76  -0.971199
21.78  -0.975774
21.8  -0.979959
21.82  -0.983752
21.84  -0.987151
21.86  -0.990156
21.88  -0.992764
21.9  -0.994975
21.92  -0.996789
21.94  -0.998203
21.96  -0.999218
21.98  -0.999834
22  -1.00005
22.02  -0.999865
22.04  -0.999281
22.06  -0.998297
22.08  -0.996914
22.1  -0.995132
22.12  -0.992951
22.14  -0.990374
22.16  -0.987401
22.18  -0.984032
22.2  -0.98027
22.22  -0.976116
22.24  -0.971571
22.26  -0.966638
22.28  -0.961318
22.3  -0.955614
22.32  -0.949527
22.34  -0.94306
22.36  -0.936217
22.38  -0.928999
22.4  -0.921409
22.42  -0.91345
22.44  -0.905127
22.46  -0.896441
22.48  -0.887396
22.5  -0.877997
22.52  -0.868247
22.54  -0.858149
22.56  -0.847708
22.58  -0.836928
22.6  -0.825813
22.62  -0.814367
22.64  -0.802596
22.66  -0.790504
22.68  -0.778096
22.7  -0.765377
22.72  -0.752351
22.74  -0.739024
22.76  -0.725402
22.78  -0.71149
22.8  -0.697293
22.82  -0.682817
22.84  -0.668068
22.86  -0.653052
22.88  -0.637774
22.9  -0.622242
22.92  -0.60646
22.94  -0.590436
22.96  -0.574176
22.98  -0.557686
23  -0.540973
23.02  -0.524044
23.04  -0.506905
23.06  -0.489563
23.08  -0.472026
23.1  -0.454299
23.12  -0.436391
23.14  -0.418309
23.16  -0.400059
23.18  -0.381649
23.2  -0.363086
23.22  -0.344378
23.24  -0.325533
23.26  -0.306557
23.28  -0.287458
23.3  -0.268245
23.32  -0.248924
23.34  -0.229504
23.36  -0.209992
23.38  -0.190396
23.4  -0.170723
23.42  -0.150983
23.44  -0.131182
23.46  -0.111328
23.48  -0.0914304
23.5  -0.0714959
23.52  -0.0515328
23.54  -0.0315491
23.56  -0.0115527
23.58  0.00844827
23.6  0.0284459
23.62  0.0484321
23.64  0.0683989
23.66  0.0883384
23.68  0.108243
23.7  0.128103
23.72  0.147913
23.74  0.167663
23.76  0.187347
23.78  0.206955
23.8  0.226481
23.82  0.245916
23.84  0.265253
23.86  0.284483
23.88  0.3036
23.9  0.322596
23.92  0.341462
23.94  0.360192
23.96  0.378777
23.98  0.397211
24  0.415487
24.02  0.433596
24.04  0.451531
24.06  0.469286
24.08  0.486854
24.1  0.504226
24.12  0.521397
24.14  0.53836
24.16  0.555106
24.18  0.571631
24.2  0.587928
24.22  0.603989
24.24  0.619808
24.26  0.63538
24.28  0.650697
24.3  0.665755
24.32  0.680545
24.34  0.695064
24.36  0.709305
24.38  0.723262
24.4  0.736929
24.42  0.750302
24.44  0.763375
24.46  0.776142
24.48  0.788599
24.5  0.80074
24.52  0.812561
24.54  0.824058
24.56  0.835224
24.58  0.846057
24.6  0.856551
24.62  0.866702
24.64  0.876507
24.66  0.885961
24.68  0.89506
24.7  0.903802
24.72  0.912182
24.74  0.920198
24.76  0.927845
24.78  0.935121
24.8  0.942023
24.82  0.948548
24.84  0.954694
24.86  0.960458
24.88  0.965838
24.9  0.970831
24.92  0.975436
24.94  0.979651
24.96  0.983474
24.98  0.986904
25  0.989938
25.02  0.992577
25.04  0.994819
25.06  0.996663
25.08  0.998108
25.1  0.999154
25.12  0.999801
25.14  1.00005
25.16  0.999894
25.18  0.99934
25.2  0.998387
25.22  0.997034
25.24  0.995283
25.26  0.993133
25.28  0.990587
25.3  0.987644
25.32  0.984305
25.34  0.980574
25.36  0.97645
25.38  0.971935
25.4  0.967032
25.42  0.961741
25.44  0.956067
25.46  0.950009
25.48  0.943572
25.5  0.936757
25.52  0.929568
25.54  0.922006
25.56  0.914076
25.58  0.905781
25.6  0.897123
25.62  0.888106
25.64  0.878734
25.66  0.86901
25.68  0.858939
25.7  0.848524
25.72  0.83777
25.74  0.82668
25.76  0.81526
25.78  0.803514
25.8  0.791447
25.82  0.779063
25.84  0.766367
25.86  0.753365
25.88  0.740061
25.9  0.726462
25.92  0.712571
25.94  0.698396
25.96  0.683942
25.98  0.669213
26  0.654218
26.02  0.63896
26.04  0.623447
26.06  0.607684
26.08  0.591679
26.1  0.575437
26.12  0.558964
26.14  0.542268
26.16  0.525355
26.18  0.508232
26.2  0.490906
26.22  0.473383
26.24  0.455671
26.26  0.437777
26.28  0.419707
26.3  0.40147
26.32  0.383072
26.34  0.364521
26.36  0.345824
26.38  0.326989
26.4  0.308023
26.42  0.288933
26.44  0.269728
26.46  0.250416
26.48  0.231003
26.5  0.211497
26.52  0.191908
26.54  0.172241
26.56  0.152505
26.58  0.132709
26.6  0.112859
26.62  0.0929643
26.64  0.0730323
26.66  0.0530711
26.68  0.0330887
26.7  0.013093
26.72  -0.00690792
26.74  -0.0269061
26.76  -0.0468934
26.78  -0.0668621
26.8  -0.0868039
26.82  -0.106711
26.84  -0.126576
26.86  -0.146389
26.88  -0.166145
26.9  -0.185834
26.92  -0.205448
26.94  -0.22498
26.96  -0.244423
26.98  -0.263767
27  -0.283006
27.02  -0.302132
27.04  -0.321137
27.06  -0.340014
27.08  -0.358754
27.1  -0.377351
27.12  -0.395797
27.14  -0.414085
27.16  -0.432207
27.18  -0.450156
27.2  -0.467926
27.22  -0.485508
27.24  -0.502895
27.26  -0.520082
27.28  -0.537061
27.3  -0.553825
27.32  -0.570367
27.34  -0.586681
27.36  -0.60276
27.38  -0.618599
27.4  -0.63419
27.42  -0.649527
27.44  -0.664604
27.46  -0.679416
27.48  -0.693956
27.5  -0.708218
27.52  -0.722197
27.54  -0.735887
27.56  -0.749283
27.58  -0.762379
27.6  -0.77517
27.62  -0.787651
27.64  -0.799817
27.66  -0.811663
27.68  -0.823184
27.7  -0.834376
27.72  -0.845234
27.74  -0.855754
27.76  -0.865932
27.78  -0.875764
27.8  -0.885245
27.82  -0.894372
27.84  -0.903142
27.86  -0.91155
27.88  -0.919593
27.9  -0.927269
27.92  -0.934574
27.94  -0.941505
27.96  -0.948059
27.98  -0.954234
28  -0.960027
28.02  -0.965437
28.04  -0.97046
28.06  -0.975095
28.08  -0.97934
28.1  -0.983193
28.12  -0.986653
28.14  -0.989719
28.16  -0.992388
28.18  -0.994661
28.2  -0.996535
28.22  -0.998011
28.24  -0.999088
28.26  -0.999765
28.28  -1.00004
28.3  -0.99992
28.32  -0.999397
28.34  -0.998475
28.36  -0.997153
28.38  -0.995432
28.4  -0.993313
28.42  -0.990797
28.44  -0.987884
28.46  -0.984577
28.48  -0.980875
28.5  -0.976781
28.52  -0.972297
28.54  -0.967423
28.56  -0.962163
28.58  -0.956517
28.6  -0.950489
28.62  -0.944081
28.64  -0.937295
28.66  -0.930135
28.68  -0.922602
28.7  -0.9147
28.72  -0.906432
28.74  -0.897802
28.76  -0.888813
28.78  -0.879468
28.8  -0.869771
28.82  -0.859727
28.84  -0.849338
28.86  -0.83861
28.88  -0.827546
28.9  -0.816152
28.92  -0.80443
28.94  -0.792388
28.96  -0.780028
28.98  -0.767356
29  -0.754377
29.02  -0.741096
29.04  -0.727519
29.06  -0.713651
29.08  -0.699498
29.1  -0.685065
29.12  -0.670357
29.14  -0.655382
29.16  -0.640144
29.18  -0.624651
29.2  -0.608907
29.22  -0.59292
29.24  -0.576696
29.26  -0.560241
29.28  -0.543562
29.3  -0.526665
29.32  -0.509558
29.34  -0.492247
29.36  -0.474739
29.38  -0.457042
29.4  -0.439161
29.42  -0.421105
29.44  -0.40288
29.46  -0.384495
29.48  -0.365955
29.5  -0.347269
29.52  -0.328444
29.54  -0.309488
29.56  -0.290408
29.58  -0.271211
29.6  -0.251907
29.62  -0.232501
29.64  -0.213003
29.66  -0.193419
29.68  -0.173758
29.7  -0.154028
29.72  -0.134235
29.74  -0.11439
29.76  -0.0944979
29.78  -0.0745685
29.8  -0.0546092
29.82  -0.0346282
29.84  -0.0146332
29.86  0.00536756
29.88  0.0253662
29.9  0.0453547
29.92  0.065325
29.94  0.0852693
29.96  0.105179
29.98  0.125047
30  0.144865
30.02  0.164626
30.04  0.18432
30.06  0.20394
30.08  0.223479
30.1  0.242929
30.12  0.262281
30.14  0.281528
30.16  0.300663
30.18  0.319678
30.2  0.338565
30.22  0.357316
30.24  0.375924
30.26  0.394382
30.28  0.412682
30.3  0.430818
30.32  0.44878
30.34  0.466564
30.36  0.48416
30.38  0.501563
30.4  0.518766
30.42  0.535761
30.44  0.552541
30.46  0.569101
30.48  0.585433
30.5  0.601531
30.52  0.617388
30.54  0.632998
30.56  0.648355
30.58  0.663452
30.6  0.678285
30.62  0.692846
30.64  0.70713
30.66  0.72113
30.68  0.734843
30.7  0.748262
30.72  0.761381
30.74  0.774196
30.76  0.786701
30.78  0.798891
30.8  0.810762
30.82  0.822308
30.84  0.833526
30.86  0.84441
30.88  0.854956
30.9  0.865161
30.92  0.875019
30.94  0.884527
30.96  0.893682
30.98  0.902479
31  0.910915
31.02  0.918987
31.04  0.926691
31.06  0.934024
31.08  0.940984
31.1  0.947568
31.12  0.953772
31.14  0.959595
31.16  0.965034
31.18  0.970087
31.2  0.974752
31.22  0.979027
31.24  0.982911
31.26  0.986401
31.28  0.989497
31.3  0.992197
31.32  0.9945
31.34  0.996405
31.36  0.997912
31.38  0.999019
31.4  0.999727
31.42  1.00004
31.44  0.999943
31.46  0.999452
31.48  0.99856
31.5  0.997269
31.52  0.995579
31.54  0.99349
31.56  0.991005
31.58  0.988123
31.6  0.984845
31.62  0.981174
31.64  0.97711
31.66  0.972656
31.68  0.967812
31.7  0.962581
31.72  0.956966
31.74  0.950967
31.76  0.944588
31.78  0.937831
31.8  0.930699
31.82  0.923195
31.84  0.915322
31.86  0.907082
31.88  0.89848
31.9  0.889518
31.92  0.8802
31.94  0.87053
31.96  0.860512
31.98  0.85015
32  0.839448
32.02  0.82841
32.04  0.817041
32.06  0.805345
32.08  0.793326
32.1  0.780991
32.12  0.768343
32.14  0.755387
32.16  0.74213
32.18  0.728575
32.2  0.71473
32.22  0.700598
32.24  0.686186
32.26  0.6715
32.28  0.656545
32.3  0.641327
32.32  0.625853
32.34  0.610128
32.36  0.59416
32.38  0.577954
32.4  0.561516
32.42  0.544854
32.44  0.527974
32.46  0.510883
32.48  0.493588
32.5  0.476095
32.52  0.458411
32.54  0.440545
32.56  0.422502
32.58  0.40429
32.6  0.385916
32.62  0.367388
32.64  0.348713
32.66  0.329899
32.68  0.310952
32.7  0.291881
32.72  0.272694
32.74  0.253397
32.76  0.233999
32.78  0.214508
32.8  0.19493
32.82  0.175275
32.84  0.155549
32.86  0.135762
32.88  0.11592
32.9  0.0960313
32.92  0.0761045
32.94  0.0561473
32.96  0.0361676
32.98  0.0161734
33  -0.00382718
33.02  -0.0238263
33.04  -0.0438158
33.06  -0.0637879
33.08  -0.0837344
33.1  -0.103647
33.12  -0.123519
33.14  -0.143341
33.16  -0.163106
33.18  -0.182806
33.2  -0.202432
33.22  -0.221977
33.24  -0.241434
33.26  -0.260794
33.28  -0.28005
33.3  -0.299194
33.32  -0.318218
33.34  -0.337115
33.36  -0.355877
33.38  -0.374496
33.4  -0.392966
33.42  -0.411279
33.44  -0.429427
33.46  -0.447403
33.48  -0.465201
33.5  -0.482812
33.52  -0.50023
33.54  -0.517448
33.56  -0.534459
33.58  -0.551257
33.6  -0.567834
33.62  -0.584183
33.64  -0.600299
33.66  -0.616175
33.68  -0.631805
33.7  -0.647181
33.72  -0.662299
33.74  -0.677152
33.76  -0.691734
33.78  -0.706039
33.8  -0.720062
33.82  -0.733797
33.84  -0.747239
33.86  -0.760381
33.88  -0.77322
33.9  -0.785749
33.92  -0.797963
33.94  -0.809859
33.96  -0.821431
33.98  -0.832674
34  -0.843584
34.02  -0.854156
34.04  -0.864387
34.06  -0.874272
34.08  -0.883808
34.1  -0.89299
34.12  -0.901814
34.14  -0.910278
34.16  -0.918378
34.18  -0.926111
34.2  -0.933473
34.22  -0.940462
34.24  -0.947074
34.26  -0.953308
34.28  -0.95916
34.3  -0.964629
34.32  -0.969712
34.34  -0.974407
34.36  -0.978712
34.38  -0.982626
34.4  -0.986146
34.42  -0.989272
34.44  -0.992003
34.46  -0.994337
34.48  -0.996273
34.5  -0.99781
34.52  -0.998948
34.54  -0.999687
34.56  -1.00003
34.58  -0.999965
34.6  -0.999504
34.62  -0.998643
34.64  -0.997382
34.66  -0.995723
34.68  -0.993665
34.7  -0.99121
34.72  -0.988359
34.74  -0.985112
34.76  -0.981471
34.78  -0.977437
34.8  -0.973013
34.82  -0.968199
34.84  -0.962998
34.86  -0.957412
34.88  -0.951443
34.9  -0.945093
34.92  -0.938365
34.94  -0.931262
34.96  -0.923786
34.98  -0.915941
35  -0.90773
35.02  -0.899155
35.04  -0.890221
35.06  -0.88093
35.08  -0.871288
35.1  -0.861296
35.12  -0.850961
35.14  -0.840284
35.16  -0.829272
35.18  -0.817928
35.2  -0.806257
35.22  -0.794263
35.24  -0.781952
35.26  -0.769328
35.28  -0.756396
35.3  -0.743161
35.32  -0.72963
35.34  -0.715806
35.36  -0.701696
35.38  -0.687306
35.4  -0.67264
35.42  -0.657706
35.44  -0.642508
35.46  -0.627054
35.48  -0.611348
35.5  -0.595398
35.52  -0.57921
35.54  -0.56279
35.56  -0.546145
35.58  -0.529282
35.6  -0.512207
35.62  -0.494927
35.64  -0.477449
35.66  -0.45978
35.68  -0.441927
35.7  -0.423897
35.72  -0.405698
35.74  -0.387337
35.76  -0.36882
35.78  -0.350156
35.8  -0.331352
35.82  -0.312416
35.84  -0.293354
35.86  -0.274176
35.88  -0.254887
35.9  -0.235497
35.92  -0.216012
35.94  -0.196441
35.96  -0.176791
35.98  -0.157071
36  -0.137288
36.02  -0.11745
36.04  -0.0975644
36.06  -0.0776403
36.08  -0.0576852
36.1  -0.0377069
36.12  -0.0177136
36.14  0.00228679
36.16  0.0222863
36.18  0.0422769
36.2  0.0622505
36.22  0.0821993
36.24  0.102115
36.26  0.12199
36.28  0.141816
36.3  0.161586
36.32  0.181291
36.34  0.200923
36.36  0.220475
36.38  0.239939
36.4  0.259307
36.42  0.278571
36.44  0.297724
36.46  0.316757
36.48  0.335664
36.5  0.354437
36.52  0.373068
36.54  0.391549
36.56  0.409874
36.58  0.428035
36.6  0.446025
36.62  0.463837
36.64  0.481462
36.66  0.498896
36.68  0.516129
36.7  0.533157
36.72  0.549971
36.74  0.566565
36.76  0.582932
36.78  0.599067
36.8  0.614961
36.82  0.63061
36.84  0.646006
36.86  0.661144
36.88  0.676018
36.9  0.690621
36.92  0.704948
36.94  0.718993
36.96  0.73275
36.98  0.746214
37  0.75938
37.02  0.772242
37.04  0.784795
37.06  0.797034
37.08  0.808954
37.1  0.820551
37.12  0.83182
37.14  0.842755
37.16  0.853354
37.18  0.863611
37.2  0.873523
37.22  0.883086
37.24  0.892295
37.26  0.901148
37.28  0.909639
37.3  0.917767
37.32  0.925528
37.34  0.932919
37.36  0.939937
37.38  0.946578
37.4  0.952841
37.42  0.958723
37.44  0.964221
37.46  0.969334
37.48  0.974059
37.5  0.978394
37.52  0.982338
37.54  0.985889
37.56  0.989046
37.58  0.991807
37.6  0.994171
37.62  0.996138
37.64  0.997706
37.66  0.998875
37.68  0.999644
37.7  1.00001
37.72  0.999984
37.74  0.999553
37.76  0.998723
37.78  0.997494
37.8  0.995865
37.82  0.993838
37.84  0.991413
37.86  0.988592
37.88  0.985376
37.9  0.981765
37.92  0.977762
37.94  0.973367
37.96  0.968584
37.98  0.963412
38  0.957856
38.02  0.951916
38.04  0.945595
38.06  0.938897
38.08  0.931822
38.1  0.924375
38.12  0.916558
38.14  0.908375
38.16  0.899828
38.18  0.890921
38.2  0.881658
38.22  0.872043
38.24  0.862078
38.26  0.851769
38.28  0.841119
38.3  0.830132
38.32  0.818813
38.34  0.807167
38.36  0.795198
38.38  0.782911
38.4  0.770311
38.42  0.757403
38.44  0.744191
38.46  0.730682
38.48  0.716881
38.5  0.702793
38.52  0.688424
38.54  0.673779
38.56  0.658865
38.58  0.643688
38.6  0.628253
38.62  0.612566
38.64  0.596635
38.66  0.580465
38.68  0.564063
38.7  0.547435
38.72  0.530588
38.74  0.513529
38.76  0.496265
38.78  0.478802
38.8  0.461147
38.82  0.443308
38.84  0.425292
38.86  0.407106
38.88  0.388756
38.9  0.370252
38.92  0.351599
38.94  0.332805
38.96  0.313879
38.98  0.294827
39  0.275657
39.02  0.256376
39.04  0.236993
39.06  0.217516
39.08  0.197951
39.1  0.178307
39.12  0.158592
39.14  0.138813
39.16  0.118979
39.18  0.0990974
39.2  0.079176
39.22  0.0592229
39.24  0.0392462
39.26  0.0192537
39.28  -0.000746397
39.3  -0.0207462
39.32  -0.0407378
39.34  -0.060713
39.36  -0.080664
39.38  -0.100583
39.4  -0.120461
39.42  -0.140291
39.44  -0.160066
39.46  -0.179776
39.48  -0.199414
39.5  -0.218972
39.52  -0.238443
39.54  -0.257819
39.56  -0.277091
39.58  -0.296253
39.6  -0.315296
39.62  -0.334213
39.64  -0.352996
39.66  -0.371638
39.68  -0.390131
39.7  -0.408469
39.72  -0.426643
39.74  -0.444646
39.76  -0.462471
39.78  -0.480112
39.8  -0.49756
39.82  -0.514809
39.84  -0.531853
39.86  -0.548684
39.88  -0.565295
39.9  -0.58168
39.92  -0.597832
39.94  -0.613746
39.96  -0.629413
39.98  -0.64483
40  -0.659988


0  1
0.02  1
0.04  0.999603
0.06  0.998813
0.08  0.997632
0.1  0.996065
0.12  0.994116
0.14  0.991787
0.16  0.989083
0.18  0.986008
0.2  0.982566
0.22  0.978762
0.24  0.974599
0.26  0.970083
0.28  0.965218
0.3  0.960008
0.32  0.954459
0.34  0.948574
0.36  0.942361
0.38  0.935822
0.4  0.928964
0.42  0.921792
0.44  0.914311
0.46  0.906527
0.48  0.898444
0.5  0.890069
0.52  0.881408
0.54  0.872465
0.56  0.863247
0.58  0.85376
0.6  0.84401
0.62  0.834001
0.64  0.823742
0.66  0.813236
0.68  0.802492
0.7  0.791514
0.72  0.780309
0.74  0.768884
0.76  0.757244
0.78  0.745396
0.8  0.733346
0.82  0.721101
0.84  0.708667
0.86  0.696051
0.88  0.683258
0.9  0.670296
0.92  0.65717
0.94  0.643888
0.96  0.630456
0.98  0.616881
1  0.603168
1.02  0.589325
1.04  0.575357
1.06  0.561273
1.08  0.547077
1.1  0.532777
1.12  0.518379
1.14  0.503889
1.16  0.489315
1.18  0.474662
1.2  0.459937
1.22  0.445146
1.24  0.430296
1.26  0.415394
1.28  0.400444
1.3  0.385455
1.32  0.370431
1.34  0.35538
1.36  0.340307
1.38  0.325218
1.4  0.310121
1.42  0.29502
1.44  0.279922
1.46  0.264832
1.48  0.249758
1.5  0.234704
1.52  0.219676
1.54  0.20468
1.56  0.189722
1.58  0.174808
1.6  0.159942
1.62  0.145131
1.64  0.13038
1.66  0.115694
1.68  0.101079
1.7  0.0865399
1.72  0.0720818
1.74  0.0577098
1.76  0.043429
1.78  0.0292442
1.8  0.0151605
1.82  0.00118245
1.84  -0.0126851
1.86  -0.0264375
1.88  -0.0400703
1.9  -0.053579
1.92  -0.0669593
1.94  -0.0802067
1.96  -0.0933172
1.98  -0.106287
2  -0.119111
2.02  -0.131786
2.04  -0.144309
2.06  -0.156674
2.08  -0.16888
2.1  -0.180921
2.12  -0.192795
2.14  -0.204499
2.16  -0.216028
2.18  -0.22738
2.2  -0.238552
2.22  -0.249541
2.24  -0.260343
2.26  -0.270956
2.28  -0.281378
2.3  -0.291605
2.32  -0.301635
2.34  -0.311466
2.36  -0.321095
2.38  -0.330521
2.4  -0.33974
2.42  -0.348752
2.44  -0.357553
2.46  -0.366143
2.48  -0.374519
2.5  -0.382681
2.52  -0.390625
2.54  -0.398352
2.56  -0.405859
2.58  -0.413146
2.6  -0.42021
2.62  -0.427052
2.64  -0.433671
2.66  -0.440064
2.68  -0.446232
2.7  -0.452175
2.72  -0.45789
2.74  -0.463379
2.76  -0.46864
2.78  -0.473673
2.8  -0.478478
2.82  -0.483056
2.84  -0.487405
2.86  -0.491527
2.88  -0.495421
2.9  -0.499087
2.92  -0.502526
2.94  -0.505738
2.96  -0.508724
2.98  -0.511485
3  -0.514021
3.02  -0.516332
3.04  -0.518421
3.06  -0.520287
3.08  -0.521932
3.1  -0.523356
3.12  -0.524562
3.14  -0.52555
3.16  -0.526321
3.18  -0.526878
3.2  -0.527221
3.22  -0.527352
3.24  -0.527273
3.26  -0.526985
3.28  -0.52649
3.3  -0.525791
3.32  -0.524888
3.34  -0.523784
3.36  -0.522481
3.38  -0.520981
3.4  -0.519287
3.42  -0.517399
3.44  -0.515321
3.46  -0.513056
3.48  -0.510604
3.5  -0.50797
3.52  -0.505155
3.54  -0.502161
3.56  -0.498993
3.58  -0.495651
3.6  -0.492139
3.62  -0.48846
3.64  -0.484616
3.66  -0.48061
3.68  -0.476446
3.7  -0.472125
3.72  -0.467651
3.74  -0.463028
3.76  -0.458257
3.78  -0.453342
3.8  -0.448286
3.82  -0.443093
3.84  -0.437765
3.86  -0.432305
3.88  -0.426718
3.9  -0.421005
3.92  -0.415171
3.94  -0.409218
3.96  -0.40315
3.98  -0.39697
4  -0.390682
4.02  -0.384288
4.04  -0.377793
4.06  -0.371199
4.08  -0.364511
4.1  -0.357731
4.12  -0.350863
4.14  -0.34391
4.16  -0.336875
4.18  -0.329763
4.2  -0.322577
4.22  -0.315319
4.24  -0.307994
4.26  -0.300605
4.28  -0.293155
4.3  -0.285648
4.32  -0.278088
4.34  -0.270477
4.36  -0.262819
4.38  -0.255117
4.4  -0.247376
4.42  -0.239597
4.44  -0.231785
4.46  -0.223944
4.48  -0.216075
4.5  -0.208184
4.52  -0.200272
4.54  -0.192344
4.56  -0.184402
4.58  -0.176451
4.6  -0.168492
4.62  -0.160529
4.64  -0.152566
4.66  -0.144606
4.68  -0.136652
4.7  -0.128706
4.72  -0.120773
4.74  -0.112854
4.76  -0.104953
4.78  -0.097074
4.8  -0.0892186
4.82  -0.0813901
4.84  -0.0735915
4.86  -0.0658255
4.88  -0.0580951
4.9  -0.0504029
4.92  -0.0427518
4.94  -0.0351445
4.96  -0.0275836
4.98  -0.0200717
5  -0.0126115
5.02  -0.00520551
5.04  0.00214377
5.06  0.00943388
5.08  0.0166624
5.1  0.0238269
5.12  0.0309251
5.14  0.0379547
5.16  0.0449135
5.18  0.0517991
5.2  0.0586096
5.22  0.0653428
5.24  0.0719966
5.26  0.0785691
5.28  0.0850582
5.3  0.091462
5.32  0.0977787
5.34  0.104007
5.36  0.110144
5.38  0.116188
5.4  0.122139
5.42  0.127994
5.44  0.133751
5.46  0.13941
5.48  0.144969
5.5  0.150426
5.52  0.15578
5.54  0.16103
5.56  0.166174
5.58  0.171211
5.6  0.176141
5.62  0.180961
5.64  0.185671
5.66  0.190271
5.68  0.194758
5.7  0.199132
5.72  0.203393
5.74  0.207539
5.76  0.21157
5.78  0.215485
5.8  0.219283
5.82  0.222964
5.84  0.226528
5.86  0.229973
5.88  0.2333
5.9  0.236507
5.92  0.239596
5.94  0.242565
5.96  0.245414
5.98  0.248143
6  0.250751
6.02  0.25324
6.04  0.255608
6.06  0.257857
6.08  0.259985
6.1  0.261993
6.12  0.263881
6.14  0.265649
6.16  0.267298
6.18  0.268828
6.2  0.270239
6.22  0.271531
6.24  0.272706
6.26  0.273763
6.28  0.274703
6.3  0.275526
6.32  0.276234
6.34  0.276826
6.36  0.277304
6.38  0.277668
6.4  0.277919
6.42  0.278057
6.44  0.278084
6.46  0.278001
6.48  0.277808
6.5  0.277506
6.52  0.277097
6.54  0.276581
6.56  0.275959
6.58  0.275232
6.6  0.274402
6.62  0.27347
6.64  0.272437
6.66  0.271304
6.68  0.270072
6.7  0.268743
6.72  0.267317
6.74  0.265797
6.76  0.264184
6.78  0.262478
6.8  0.260682
6.82  0.258796
6.84  0.256823
6.86  0.254764
6.88  0.25262
6.9  0.250392
6.92  0.248083
6.94  0.245694
6.96  0.243227
6.98  0.240682
7  0.238062
7.02  0.235368
7.04  0.232603
7.06  0.229767
7.08  0.226862
7.1  0.22389
7.12  0.220854
7.14  0.217753
7.16  0.214591
7.18  0.211369
7.2  0.208088
7.22  0.204751
7.24  0.201359
7.26  0.197914
7.28  0.194418
7.3  0.190873
7.32  0.187279
7.34  0.183641
7.36  0.179958
7.38  0.176233
7.4  0.172467
7.42  0.168663
7.44  0.164823
7.46  0.160947
7.48  0.157038
7.5  0.153098
7.52  0.149129
7.54  0.145131
7.56  0.141108
7.58  0.137061
7.6  0.132992
7.62  0.128902
7.64  0.124793
7.66  0.120668
7.68  0.116527
7.7  0.112373
7.72  0.108207
7.74  0.104032
7.76  0.0998482
7.78  0.0956581
7.8  0.0914633
7.82  0.0872656
7.84  0.0830665
7.86  0.0788677
7.88  0.074671
7.9  0.070478
7.92  0.0662902
7.94  0.0621094
7.96  0.0579372
7.98  0.053775
8  0.0496246
8.02  0.0454874
8.04  0.041365
8.06  0.0372589
8.08  0.0331706
8.1  0.0291015
8.12  0.0250533
8.14  0.0210272
8.16  0.0170247
8.18  0.0130472
8.2  0.00909613
8.22  0.0051728
8.24  0.00127855
8.26  -0.0025853
8.28  -0.00641746
8.3  -0.0102167
8.32  -0.0139816
8.34  -0.0177112
8.36  -0.0214041
8.38  -0.0250593
8.4  -0.0286755
8.42  -0.0322516
8.44  -0.0357865
8.46  -0.0392791
8.48  -0.0427285
8.5  -0.0461335
8.52  -0.0494932
8.54  -0.0528066
8.56  -0.0560727
8.58  -0.0592907
8.6  -0.0624596
8.62  -0.0655786
8.64  -0.0686468
8.66  -0.0716634
8.68  -0.0746276
8.7  -0.0775386
8.72  -0.0803958
8.74  -0.0831985
8.76  -0.0859458
8.78  -0.0886373
8.8  -0.0912722
8.82  -0.09385
8.84  -0.0963701
8.86  -0.0988319
8.88  -0.101235
8.9  -0.103579
8.92  -0.105863
8.94  -0.108087
8.96  -0.11025
8.98  -0.112353
9  -0.114394
9.02  -0.116374
9.04  -0.118292
9.06  -0.120147
9.08  -0.121941
9.1  -0.123671
9.12  -0.125339
9.14  -0.126944
9.16  -0.128485
9.18  -0.129964
9.2  -0.131379
9.22  -0.132731
9.24  -0.134019
9.26  -0.135244
9.28  -0.136406
9.3  -0.137504
9.32  -0.138539
9.34  -0.139511
9.36  -0.14042
9.38  -0.141265
9.4  -0.142048
9.42  -0.142769
9.44  -0.143427
9.46  -0.144023
9.48  -0.144557
9.5  -0.145029
9.52  -0.14544
9.54  -0.145791
9.56  -0.14608
9.58  -0.146309
9.6  -0.146479
9.62  -0.146589
9.64  -0.146639
9.66  -0.146632
9.68  -0.146566
9.7  -0.146442
9.72  -0.146262
9.74  -0.146024
9.76  -0.145731
9.78  -0.145382
9.8  -0.144979
9.82  -0.144521
9.84  -0.144009
9.86  -0.143444
9.88  -0.142827
9.9  -0.142158
9.92  -0.141437
9.94  -0.140667
9.96  -0.139847
9.98  -0.138977
10  -0.13806
10.02  -0.137095
10.04  -0.136083
10.06  -0.135025
10.08  -0.133922
10.1  -0.132775
10.12  -0.131584
10.14  -0.130351
10.16  -0.129075
10.18  -0.127758
10.2  -0.126401
10.22  -0.125005
10.24  -0.12357
10.26  -0.122098
10.28  -0.120588
10.3  -0.119043
10.32  -0.117463
10.34  -0.115849
10.36  -0.114202
10.38  -0.112522
10.4  -0.110811
10.42  -0.10907
10.44  -0.107299
10.46  -0.1055
10.48  -0.103673
10.5  -0.101819
10.52  -0.09994
10.54  -0.0980361
10.56  -0.0961083
10.58  -0.0941577
10.6  -0.0921852
10.62  -0.0901918
10.64  -0.0881785
10.66  -0.0861461
10.68  -0.0840956
10.7  -0.0820281
10.72  -0.0799444
10.74  -0.0778456
10.76  -0.0757325
10.78  -0.0736061
10.8  -0.0714674
10.82  -0.0693173
10.84  -0.0671567
10.86  -0.0649867
10.88  -0.0628081
10.9  -0.0606218
10.92  -0.0584289
10.94  -0.0562301
10.96  -0.0540266
10.98  -0.051819
11  -0.0496084
11.02  -0.0473957
11.04  -0.0451817
11.06  -0.0429674
11.08  -0.0407536
11.1  -0.0385412
11.12  -0.036331
11.14  -0.034124
11.16  -0.0319209
11.18  -0.0297227
11.2  -0.0275301
11.22  -0.025344
11.24  -0.0231652
11.26  -0.0209945
11.28  -0.0188327
11.3  -0.0166806
11.32  -0.0145389
11.34  -0.0124085
11.36  -0.01029
11.38  -0.00818428
11.4  -0.00609202
11.42  -0.00401394
11.44  -0.00195077
11.46  9.68068e-05
11.48  0.00212809
11.5  0.00414241
11.52  0.0061391
11.54  0.00811751
11.56  0.010077
11.58  0.0120169
11.6  0.0139367
11.62  0.0158357
11.64  0.0177133
11.66  0.0195691
11.68  0.0214023
11.7  0.0232125
11.72  0.0249991
11.74  0.0267616
11.76  0.0284994
11.78  0.0302122
11.8  0.0318994
11.82  0.0335606
11.84  0.0351953
11.86  0.036803
11.88  0.0383833
11.9  0.0399359
11.92  0.0414603
11.94  0.0429562
11.96  0.0444231
11.98  0.0458608
12  0.0472689
12.02  0.048647
12.04  0.0499949
12.06  0.0513122
12.08  0.0525988
12.1  0.0538542
12.12  0.0550783
12.14  0.0562709
12.16  0.0574316
12.18  0.0585604
12.2  0.0596569
12.22  0.0607211
12.24  0.0617527
12.26  0.0627517
12.28  0.0637178
12.3  0.0646509
12.32  0.065551
12.34  0.066418
12.36  0.0672517
12.38  0.0680521
12.4  0.0688191
12.42  0.0695528
12.44  0.070253
12.46  0.0709198
12.48  0.0715532
12.5  0.0721531
12.52  0.0727196
12.54  0.0732528
12.56  0.0737527
12.58  0.0742193
12.6  0.0746528
12.62  0.0750533
12.64  0.0754207
12.66  0.0757554
12.68  0.0760573
12.7  0.0763266
12.72  0.0765635
12.74  0.0767682
12.76  0.0769407
12.78  0.0770814
12.8  0.0771903
12.82  0.0772678
12.84  0.0773139
12.86  0.0773291
12.88  0.0773134
12.9  0.0772672
12.92  0.0771906
12.94  0.0770841
12.96  0.0769478
12.98  0.076782
13  0.0765871
13.02  0.0763634
13.04  0.0761111
13.06  0.0758306
13.08  0.0755223
13.1  0.0751864
13.12  0.0748234
13.14  0.0744336
13.16  0.0740173
13.18  0.0735749
13.2  0.0731069
13.22  0.0726136
13.24  0.0720953
13.26  0.0715526
13.28  0.0709858
13.3  0.0703953
13.32  0.0697816
13.34  0.069145
13.36  0.0684861
13.38  0.0678052
13.4  0.0671028
13.42  0.0663793
13.44  0.0656353
13.46  0.0648711
13.48  0.0640872
13.5  0.0632842
13.52  0.0624623
13.54  0.0616223
13.56  0.0607644
13.58  0.0598892
13.6  0.0589972
13.62  0.0580889
13.64  0.0571648
13.66  0.0562253
13.68  0.0552709
13.7  0.0543022
13.72  0.0533196
13.74  0.0523236
13.76  0.0513148
13.78  0.0502937
13.8  0.0492606
13.82  0.0482163
13.84  0.0471611
13.86  0.0460955
13.88  0.0450201
13.9  0.0439354
13.92  0.0428419
13.94  0.04174
13.96  0.0406303
13.98  0.0395133
14  0.0383895
14.02  0.0372594
14.04  0.0361235
14.06  0.0349822
14.08  0.0338361
14.1  0.0326857
14.12  0.0315314
14.14  0.0303738
14.16  0.0292133
14.18  0.0280505
14.2  0.0268857
14.22  0.0257195
14.24  0.0245524
14.26  0.0233848
14.28  0.0222172
14.3  0.02105
14.32  0.0198837
14.34  0.0187188
14.36  0.0175557
14.38  0.0163949
14.4  0.0152368
14.42  0.0140818
14.44  0.0129304
14.46  0.011783
14.48  0.0106401
14.5  0.00950199
14.52  0.00836915
14.54  0.00724198
14.56  0.00612088
14.58  0.00500625
14.6  0.00389847
14.62  0.00279795
14.64  0.00170504
14.66  0.000620137
14.68  -0.000456405
14.7  -0.00152422
14.72  -0.00258296
14.74  -0.00363227
14.76  -0.00467181
14.78  -0.00570124
14.8  -0.00672025
14.82  -0.0077285
14.84  -0.00872568
14.86  -0.00971148
14.88  -0.0106856
14.9  -0.0116478
14.92  -0.0125977
14.94  -0.013535
14.96  -0.0144596
14.98  -0.015371
15  -0.0162692
15.02  -0.0171537
15.04  -0.0180245
15.06  -0.0188811
15.08  -0.0197235
15.1  -0.0205514
15.12  -0.0213645
15.14  -0.0221627
15.16  -0.0229458
15.18  -0.0237135
15.2  -0.0244658
15.22  -0.0252023
15.24  -0.0259231
15.26  -0.0266278
15.28  -0.0273163
15.3  -0.0279886
15.32  -0.0286444
15.34  -0.0292837
15.36  -0.0299062
15.38  -0.0305119
15.4  -0.0311008
15.42  -0.0316726
15.44  -0.0322273
15.46  -0.0327648
15.48  -0.033285
15.5  -0.0337879
15.52  -0.0342734
15.54  -0.0347415
15.56  -0.035192
15.58  -0.035625
15.6  -0.0360405
15.62  -0.0364383
15.64  -0.0368185
15.66  -0.0371811
15.68  -0.0375261
15.7  -0.0378534
15.72  -0.0381631
15.74  -0.0384552
15.76  -0.0387298
15.78  -0.0389868
15.8  -0.0392262
15.82  -0.0394482
15.84  -0.0396528
15.86  -0.0398401
15.88  -0.04001
15.9  -0.0401627
15.92  -0.0402983
15.94  -0.0404168
15.96  -0.0405183
15.98  -0.0406029
16  -0.0406708
16.02  -0.0407219
16.04  -0.0407565
16.06  -0.0407747
16.08  -0.0407765
16.1  -0.0407621
16.12  -0.0407317
16.14  -0.0406854
16.16  -0.0406232
16.18  -0.0405455
16.2  -0.0404523
16.22  -0.0403437
16.24  -0.04022
16.26  -0.0400814
16.28  -0.0399279
16.3  -0.0397598
16.32  -0.0395773
16.34  -0.0393805
16.36  -0.0391696
16.38  -0.0389449
16.4  -0.0387065
16.42  -0.0384546
16.44  -0.0381895
16.46  -0.0379113
16.48  -0.0376203
16.5  -0.0373167
16.52  -0.0370006
16.54  -0.0366724
16.56  -0.0363323
16.58  -0.0359804
16.6  -0.035617
16.62  -0.0352424
16.64  -0.0348568
16.66  -0.0344604
16.68  -0.0340535
16.7  -0.0336363
16.72  -0.033209
16.74  -0.032772
16.76  -0.0323254
16.78  -0.0318696
16.8  -0.0314047
16.82  -0.0309311
16.84  -0.0304489
16.86  -0.0299585
16.88  -0.0294601
16.9  -0.0289539
16.92  -0.0284403
16.94  -0.0279194
16.96  -0.0273917
16.98  -0.0268572
17  -0.0263163
17.02  -0.0257693
17.04  -0.0252164
17.06  -0.0246578
17.08  -0.024094
17.1  -0.023525
17.12  -0.0229512
17.14  -0.0223729
17.16  -0.0217902
17.18  -0.0212036
17.2  -0.0206132
17.22  -0.0200193
17.24  -0.0194221
17.26  -0.018822
17.28  -0.0182192
17.3  -0.017614
17.32  -0.0170065
17.34  -0.0163972
17.36  -0.0157861
17.38  -0.0151737
17.4  -0.01456
17.42  -0.0139455
17.44  -0.0133303
17.46  -0.0127148
17.48  -0.012099
17.5  -0.0114833
17.52  -0.010868
17.54  -0.0102533
17.56  -0.0096393
17.58  -0.0090264
17.6  -0.00841478
17.62  -0.00780467
17.64  -0.00719631
17.66  -0.00658992
17.68  -0.00598573
17.7  -0.00538396
17.72  -0.00478483
17.74  -0.00418856
17.76  -0.00359535
17.78  -0.00300543
17.8  -0.00241899
17.82  -0.00183625
17.84  -0.00125741
17.86  -0.000682659
17.88  -0.000112201
17.9  0.000453775
17.92  0.00101508
17.94  0.00157152
17.96  0.00212293
17.98  0.00266912
18  0.00320991
18.02  0.00374514
18.04  0.00427463
18.06  0.00479823
18.08  0.00531576
18.1  0.00582708
18.12  0.00633203
18.14  0.00683046
18.16  0.00732222
18.18  0.00780717
18.2  0.00828518
18.22  0.0087561
18.24  0.00921981
18.26  0.00967619
18.28  0.0101251
18.3  0.0105664
18.32  0.0110001
18.34  0.0114259
18.36  0.0118438
18.38  0.0122537
18.4  0.0126555
18.42  0.0130491
18.44  0.0134343
18.46  0.0138112
18.48  0.0141796
18.5  0.0145395
18.52  0.0148907
18.54  0.0152333
18.56  0.015567
18.58  0.015892
18.6  0.016208
18.62  0.0165152
18.64  0.0168133
18.66  0.0171024
18.68  0.0173824
18.7  0.0176533
18.72  0.017915
18.74  0.0181676
18.76  0.0184109
18.78  0.018645
18.8  0.0188698
18.82  0.0190854
18.84  0.0192917
18.86  0.0194887
18.88  0.0196764
18.9  0.0198548
18.92  0.0200239
18.94  0.0201837
18.96  0.0203342
18.98  0.0204755
19  0.0206075
19.02  0.0207303
19.04  0.0208439
19.06  0.0209484
19.08  0.0210436
19.1  0.0211298
19.12  0.0212069
19.14  0.021275
19.16  0.0213341
19.18  0.0213843
19.2  0.0214256
19.22  0.021458
19.24  0.0214817
19.26  0.0214967
19.28  0.021503
19.3  0.0215007
19.32  0.0214899
19.34  0.0214707
19.36  0.0214431
19.38  0.0214072
19.4  0.0213631
19.42  0.0213109
19.44  0.0212507
19.46  0.0211825
19.48  0.0211064
19.5  0.0210225
19.52  0.020931
19.54  0.0208319
19.56  0.0207253
19.58  0.0206113
19.6  0.0204901
19.62  0.0203617
19.64  0.0202262
19.66  0.0200838
19.68  0.0199345
19.7  0.0197785
19.72  0.0196159
19.74  0.0194469
19.76  0.0192714
19.78  0.0190897
19.8  0.0189018
19.82  0.018708
19.84  0.0185082
19.86  0.0183027
19.88  0.0180916
19.9  0.0178749
19.92  0.0176529
19.94  0.0174256
19.96  0.0171933
19.98  0.0169559
20  0.0167137
20.02  0.0164668
20.04  0.0162153
20.06  0.0159594
20.08  0.0156992
20.1  0.0154348
20.12  0.0151664
20.14  0.0148941
20.16  0.0146181
20.18  0.0143384
20.2  0.0140553
20.22  0.0137688
20.24  0.0134792
20.26  0.0131865
20.28  0.0128908
20.3  0.0125925
20.32  0.0122915
20.34  0.011988
20.36  0.0116821
20.38  0.0113741
20.4  0.0110639
20.42  0.0107519
20.44  0.010438
20.46  0.0101225
20.48  0.00980554
20.5  0.00948716
20.52  0.00916754
20.54  0.00884682
20.56  0.00852514
20.58  0.00820262
20.6  0.00787941
20.62  0.00755564
20.64  0.00723144
20.66  0.00690694
20.68  0.00658228
20.7  0.00625758
20.72  0.00593297
20.74  0.00560859
20.76  0.00528456
20.78  0.004961
20.8  0.00463804
20.82  0.0043158
20.84  0.00399441
20.86  0.00367398
20.88  0.00335464
20.9  0.0030365
20.92  0.00271968
20.94  0.0024043
20.96  0.00209047
20.98  0.00177829
21  0.00146789
21.02  0.00115937
21.04  0.00085284
21.06  0.000548402
21.08  0.000246164
21.1  -5.37742e-05
21.12  -0.00035131
21.14  -0.000646345
21.16  -0.000938782
21.18  -0.00122853
21.2  -0.00151548
21.22  -0.00179956
21.24  -0.00208067
21.26  -0.00235872
21.28  -0.00263363
21.3  -0.00290531
21.32  -0.00317369
21.34  -0.00343867
21.36  -0.00370019
21.38  -0.00395816
21.4  -0.00421252
21.42  -0.00446318
21.44  -0.00471008
21.46  -0.00495316
21.48  -0.00519234
21.5  -0.00542756
21.52  -0.00565876
21.54  -0.00588588
21.56  -0.00610887
21.58  -0.00632765
21.6  -0.0065422
21.62  -0.00675244
21.64  -0.00695833
21.66  -0.00715983
21.68  -0.00735689
21.7  -0.00754947
21.72  -0.00773752
21.74  -0.007921
21.76  -0.00809989
21.78  -0.00827415
21.8  -0.00844374
21.82  -0.00860863
21.84  -0.00876879
21.86  -0.00892421
21.88  -0.00907485
21.9  -0.0092207
21.92  -0.00936172
21.94  -0.00949792
21.96  -0.00962926
21.98  -0.00975574
22  -0.00987735
22.02  -0.00999407
22.04  -0.0101059
22.06  -0.0102128
22.08  -0.0103149
22.1  -0.010412
22.12  -0.0105042
22.14  -0.0105915
22.16  -0.010674
22.18  -0.0107515
22.2  -0.0108241
22.22  -0.0108919
22.24  -0.0109549
22.26  -0.0110129
22.28  -0.0110662
22.3  -0.0111146
22.32  -0.0111582
22.34  -0.0111971
22.36  -0.0112312
22.38  -0.0112606
22.4  -0.0112853
22.42  -0.0113053
22.44  -0.0113207
22.46  -0.0113314
22.48  -0.0113376
22.5  -0.0113392
22.52  -0.0113363
22.54  -0.0113289
22.56  -0.0113171
22.58  -0.0113009
22.6  -0.0112804
22.62  -0.0112555
22.64  -0.0112263
22.66  -0.011193
22.68  -0.0111554
22.7  -0.0111138
22.72  -0.011068
22.74  -0.0110182
22.76  -0.0109645
22.78  -0.0109068
22.8  -0.0108452
22.82  -0.0107799
22.84  -0.0107107
22.86  -0.0106379
22.88  -0.0105614
22.9  -0.0104814
22.92  -0.0103978
22.94  -0.0103108
22.96  -0.0102203
22.98  -0.0101265
23  -0.0100295
23.02  -0.00992923
23.04  -0.00982582
23.06  -0.00971933
23.08  -0.00960983
23.1  -0.00949739
23.12  -0.00938207
23.14  -0.00926394
23.16  -0.00914307
23.18  -0.00901954
23.2  -0.00889341
23.22  -0.00876474
23.24  -0.00863363
23.26  -0.00850012
23.28  -0.0083643
23.3  -0.00822624
23.32  -0.00808602
23.34  -0.00794369
23.36  -0.00779935
23.38  -0.00765305
23.4  -0.00750488
23.42  -0.00735491
23.44  -0.0072032
23.46  -0.00704985
23.48  -0.00689491
23.5  -0.00673847
23.52  -0.00658059
23.54  -0.00642136
23.56  -0.00626084
23.58  -0.00609911
23.6  -0.00593625
23.62  -0.00577232
23.64  -0.0056074
23.66  -0.00544156
23.68  -0.00527489
23.7  -0.00510744
23.72  -0.00493929
23.74  -0.00477052
23.76  -0.0046012
23.78  -0.00443139
23.8  -0.00426117
23.82  -0.00409061
23.84  -0.00391979
23.86  -0.00374876
23.88  -0.0035776
23.9  -0.00340638
23.92  -0.00323517
23.94  -0.00306403
23.96  -0.00289304
23.98  -0.00272225
24  -0.00255174
24.02  -0.00238157
24.04  -0.00221181
24.06  -0.00204252
24.08  -0.00187376
24.1  -0.00170559
24.12  -0.00153808
24.14  -0.00137129
24.16  -0.00120529
24.18  -0.00104012
24.2  -0.000875844
24.22  -0.000712529
24.24  -0.000550227
24.26  -0.000388995
24.28  -0.000228888
24.3  -6.99607e-05
24.32  8.77328e-05
24.34  0.00024414
24.36  0.000399209
24.38  0.000552889
24.4  0.000705129
24.42  0.000855882
24.44  0.0010051
24.46  0.00115273
24.48  0.00129874
24.5  0.00144307
24.52  0.00158568
24.54  0.00172653
24.56  0.00186558
24.58  0.00200278
24.6  0.0021381
24.62  0.0022715
24.64  0.00240294
24.66  0.00253238
24.68  0.00265979
24.7  0.00278513
24.72  0.00290837
24.74  0.00302948
24.76  0.00314843
24.78  0.00326518
24.8  0.00337971
24.82  0.003492
24.84  0.003602
24.86  0.0037097
24.88  0.00381508
24.9  0.0039181
24.92  0.00401875
24.94  0.00411701
24.96  0.00421286
24.98  0.00430627
25  0.00439723
25.02  0.00448573
25.04  0.00457174
25.06  0.00465526
25.08  0.00473626
25.1  0.00481475
25.12  0.0048907
25.14  0.0049641
25.16  0.00503496
25.18  0.00510325
25.2  0.00516898
25.22  0.00523213
25.24  0.00529271
25.26  0.0053507
25.28  0.00540611
25.3  0.00545894
25.32  0.00550918
25.34  0.00555684
25.36  0.00560191
25.38  0.0056444
25.4  0.00568432
25.42  0.00572166
25.44  0.00575644
25.46  0.00578865
25.48  0.00581832
25.5  0.00584544
25.52  0.00587002
25.54  0.00589208
25.56  0.00591162
25.58  0.00592867
25.6  0.00594323
25.62  0.00595531
25.64  0.00596493
25.66  0.00597211
25.68  0.00597687
25.7  0.00597921
25.72  0.00597917
25.74  0.00597675
25.76  0.00597197
25.78  0.00596487
25.8  0.00595546
25.82  0.00594375
25.84  0.00592978
25.86  0.00591357
25.88  0.00589514
25.9  0.00587452
25.92  0.00585173
25.94  0.0058268
25.96  0.00579976
25.98  0.00577062
26  0.00573943
26.02  0.00570621
26.04  0.00567099
26.06  0.0056338
26.08  0.00559467
26.1  0.00555362
26.12  0.0055107
26.14  0.00546594
26.16  0.00541936
26.18  0.005371
26.2  0.00532089
26.22  0.00526906
26.24  0.00521556
26.26  0.00516041
26.28  0.00510366
26.3  0.00504533
26.32  0.00498545
26.34  0.00492408
26.36  0.00486124
26.38  0.00479697
26.4  0.0047313
26.42  0.00466428
26.44  0.00459594
26.46  0.00452632
26.48  0.00445545
26.5  0.00438338
26.52  0.00431014
26.54  0.00423578
26.56  0.00416032
26.58  0.00408381
26.6  0.00400628
26.62  0.00392779
26.64  0.00384835
26.66  0.00376802
26.68  0.00368683
26.7  0.00360483
26.72  0.00352204
26.74  0.00343851
26.76  0.00335428
26.78  0.00326939
26.8  0.00318388
26.82  0.00309778
26.84  0.00301113
26.86  0.00292398
26.88  0.00283636
26.9  0.00274831
26.92  0.00265986
26.94  0.00257107
26.96  0.00248195
26.98  0.00239256
27  0.00230293
27.02  0.0022131
27.04  0.0021231
27.06  0.00203298
27.08  0.00194276
27.1  0.00185249
27.12  0.0017622
27.14  0.00167192
27.16  0.0015817
27.18  0.00149157
27.2  0.00140156
27.22  0.00131171
27.24  0.00122205
27.26  0.00113262
27.28  0.00104345
27.3  0.00095457
27.32  0.000866019
27.34  0.000777827
27.36  0.000690027
27.38  0.000602649
27.4  0.000515726
27.42  0.000429288
27.44  0.000343365
27.46  0.000257988
27.48  0.000173187
27.5  8.89897e-05
27.52  5.42532e-06
27.54  -7.7478e-05
27.56  -0.000159693
27.58  -0.000241191
27.6  -0.000321947
27.62  -0.000401935
27.64  -0.000481128
27.66  -0.000559502
27.68  -0.000637032
27.7  -0.000713693
27.72  -0.000789463
27.74  -0.000864318
27.76  -0.000938237
27.78  -0.0010112
27.8  -0.00108317
27.82  -0.00115415
27.84  -0.00122411
27.86  -0.00129303
27.88  -0.00136088
27.9  -0.00142766
27.92  -0.00149334
27.94  -0.0015579
27.96  -0.00162134
27.98  -0.00168363
28  -0.00174476
28.02  -0.00180471
28.04  -0.00186346
28.06  -0.00192101
28.08  -0.00197735
28.1  -0.00203245
28.12  -0.0020863
28.14  -0.00213891
28.16  -0.00219024
28.18  -0.0022403
28.2  -0.00228907
28.22  -0.00233655
28.24  -0.00238272
28.26  -0.00242758
28.28  -0.00247112
28.3  -0.00251334
28.32  -0.00255422
28.34  -0.00259377
28.36  -0.00263197
28.38  -0.00266882
28.4  -0.00270433
28.42  -0.00273847
28.44  -0.00277126
28.46  -0.00280269
28.48  -0.00283276
28.5  -0.00286147
28.52  -0.00288881
28.54  -0.00291479
28.56  -0.00293941
28.58  -0.00296266
28.6  -0.00298455
28.62  -0.00300509
28.64  -0.00302427
28.66  -0.0030421
28.68  -0.00305858
28.7  -0.00307371
28.72  -0.00308751
28.74  -0.00309997
28.76  -0.0031111
28.78  -0.00312091
28.8  -0.0031294
28.82  -0.00313658
28.84  -0.00314247
28.86  -0.00314705
28.88  -0.00315036
28.9  -0.00315238
28.92  -0.00315314
28.94  -0.00315264
28.96  -0.0031509
28.98  -0.00314792
29  -0.00314371
29.02  -0.00313829
29.04  -0.00313166
29.06  -0.00312385
29.08  -0.00311486
29.1  -0.0031047
29.12  -0.00309339
29.14  -0.00308095
29.16  -0.00306738
29.18  -0.0030527
29.2  -0.00303693
29.22  -0.00302007
29.24  -0.00300215
29.26  -0.00298319
29.28  -0.00296319
29.3  -0.00294217
29.32  -0.00292015
29.34  -0.00289715
29.36  -0.00287318
29.38  -0.00284826
29.4  -0.00282241
29.42  -0.00279564
29.44  -0.00276797
29.46  -0.00273943
29.48  -0.00271003
29.5  -0.00267978
29.52  -0.00264872
29.54  -0.00261684
29.56  -0.00258418
29.58  -0.00255076
29.6  -0.00251659
29.62  -0.00248169
29.64  -0.00244608
29.66  -0.00240979
29.68  -0.00237282
29.7  -0.00233521
29.72  -0.00229697
29.74  -0.00225812
29.76  -0.00221869
29.78  -0.00217868
29.8  -0.00213813
29.82  -0.00209706
29.84  -0.00205547
29.86  -0.00201341
29.88  -0.00197087
29.9  -0.00192789
29.92  -0.00188449
29.94  -0.00184069
29.96  -0.0017965
29.98  -0.00175195
30  -0.00170706
30.02  -0.00166184
30.04  -0.00161633
30.06  -0.00157054
30.08  -0.00152448
30.1  -0.00147819
30.12  -0.00143168
30.14  -0.00138496
30.16  -0.00133807
30.18  -0.00129103
30.2  -0.00124384
30.22  -0.00119653
30.24  -0.00114912
30.26  -0.00110164
30.28  -0.00105409
30.3  -0.0010065
30.32  -0.000958895
30.34  -0.000911283
30.36  -0.000863688
30.38  -0.000816127
30.4  -0.00076862
30.42  -0.000721185
30.44  -0.000673841
30.46  -0.000626605
30.48  -0.000579495
30.5  -0.000532528
30.52  -0.000485724
30.54  -0.000439098
30.56  -0.000392668
30.58  -0.00034645
30.6  -0.000300462
30.62  -0.00025472
30.64  -0.000209239
30.66  -0.000164037
30.68  -0.000119128
30.7  -7.45285e-05
30.72  -3.02532e-05
30.74  1.36827e-05
30.76  5.72645e-05
30.78  0.000100478
30.8  0.000143308
30.82  0.000185742
30.84  0.000227765
30.86  0.000269364
30.88  0.000310526
30.9  0.000351238
30.92  0.000391488
30.94  0.000431263
30.96  0.000470551
30.98  0.00050934
31  0.00054762
31.02  0.000585379
31.04  0.000622605
31.06  0.000659289
31.08  0.00069542
31.1  0.000730989
31.12  0.000765985
31.14  0.000800399
31.16  0.000834223
31.18  0.000867447
31.2  0.000900064
31.22  0.000932064
31.24  0.00096344
31.26  0.000994186
31.28  0.00102429
31.3  0.00105375
31.32  0.00108256
31.34  0.00111071
31.36  0.0011382
31.38  0.00116502
31.4  0.00119116
31.42  0.00121662
31.44  0.0012414
31.46  0.00126549
31.48  0.00128888
31.5  0.00131158
31.52  0.00133357
31.54  0.00135487
31.56  0.00137545
31.58  0.00139533
31.6  0.00141449
31.62  0.00143295
31.64  0.00145068
31.66  0.0014677
31.68  0.00148401
31.7  0.00149959
31.72  0.00151446
31.74  0.0015286
31.76  0.00154203
31.78  0.00155474
31.8  0.00156673
31.82  0.00157801
31.84  0.00158857
31.86  0.00159841
31.88  0.00160755
31.9  0.00161597
31.92  0.00162368
31.94  0.00163069
31.96  0.001637
31.98  0.0016426
32  0.00164751
32.02  0.00165173
32.04  0.00165526
32.06  0.0016581
32.08  0.00166026
32.1  0.00166175
32.12  0.00166257
32.14  0.00166272
32.16  0.0016622
32.18  0.00166104
32.2  0.00165922
32.22  0.00165676
32.24  0.00165366
32.26  0.00164993
32.28  0.00164557
32.3  0.0016406
32.32  0.00163501
32.34  0.00162882
32.36  0.00162204
32.38  0.00161466
32.4  0.0016067
32.42  0.00159817
32.44  0.00158907
32.46  0.00157941
32.48  0.0015692
32.5  0.00155845
32.52  0.00154716
32.54  0.00153536
32.56  0.00152303
32.58  0.0015102
32.6  0.00149688
32.62  0.00148306
32.64  0.00146877
32.66  0.001454
32.68  0.00143878
32.7  0.0014231
32.72  0.00140699
32.74  0.00139044
32.76  0.00137348
32.78  0.0013561
32.8  0.00133833
32.82  0.00132016
32.84  0.00130162
32.86  0.0012827
32.88  0.00126343
32.9  0.00124381
32.92  0.00122385
32.94  0.00120356
32.96  0.00118296
32.98  0.00116205
33  0.00114084
33.02  0.00111935
33.04  0.00109759
33.06  0.00107556
33.08  0.00105329
33.1  0.00103077
33.12  0.00100802
33.14  0.000985049
33.16  0.000961872
33.18  0.000938497
33.2  0.000914935
33.22  0.000891197
33.24  0.000867294
33.26  0.000843236
33.28  0.000819035
33.3  0.0007947
33.32  0.000770244
33.34  0.000745676
33.36  0.000721007
33.38  0.000696247
33.4  0.000671408
33.42  0.0006465
33.44  0.000621532
33.46  0.000596517
33.48  0.000571463
33.5  0.000546381
33.52  0.000521281
33.54  0.000496174
33.56  0.000471069
33.58  0.000445976
33.6  0.000420906
33.62  0.000395868
33.64  0.000370871
33.66  0.000345925
33.68  0.00032104
33.7  0.000296225
33.72  0.00027149
33.74  0.000246843
33.76  0.000222294
33.78  0.000197851
33.8  0.000173524
33.82  0.000149321
33.84  0.000125251
33.86  0.000101322
33.88  7.75434e-05
33.9  5.39224e-05
33.92  3.04674e-05
33.94  7.18642e-06
33.96  -1.59126e-05
33.98  -3.8822e-05
34  -6.15341e-05
34.02  -8.40416e-05
34.04  -0.000106337
34.06  -0.000128413
34.08  -0.000150264
34.1  -0.000171881
34.12  -0.000193258
34.14  -0.000214389
34.16  -0.000235267
34.18  -0.000255887
34.2  -0.000276241
34.22  -0.000296323
34.24  -0.000316129
34.26  -0.000335653
34.28  -0.000354888
34.3  -0.000373829
34.32  -0.000392472
34.34  -0.000410811
34.36  -0.000428842
34.38  -0.000446559
34.4  -0.000463959
34.42  -0.000481036
34.44  -0.000497787
34.46  -0.000514208
34.48  -0.000530294
34.5  -0.000546042
34.52  -0.000561448
34.54  -0.000576509
34.56  -0.000591222
34.58  -0.000605584
34.6  -0.000619591
34.62  -0.000633241
34.64  -0.000646532
34.66  -0.00065946
34.68  -0.000672025
34.7  -0.000684222
34.72  -0.000696052
34.74  -0.000707511
34.76  -0.000718599
34.78  -0.000729314
34.8  -0.000739654
34.82  -0.000749618
34.84  -0.000759206
34.86  -0.000768417
34.88  -0.00077725
34.9  -0.000785704
34.92  -0.000793779
34.94  -0.000801475
34.96  -0.000808792
34.98  -0.00081573
35  -0.000822289
35.02  -0.00082847
35.04  -0.000834273
35.06  -0.000839699
35.08  -0.000844749
35.1  -0.000849423
35.12  -0.000853723
35.14  -0.00085765
35.16  -0.000861206
35.18  -0.000864392
35.2  -0.000867209
35.22  -0.00086966
35.24  -0.000871747
35.26  -0.000873471
35.28  -0.000874835
35.3  -0.00087584
35.32  -0.00087649
35.34  -0.000876787
35.36  -0.000876734
35.38  -0.000876334
35.4  -0.000875589
35.42  -0.000874502
35.44  -0.000873077
35.46  -0.000871316
35.48  -0.000869224
35.5  -0.000866804
35.52  -0.000864059
35.54  -0.000860993
35.56  -0.000857609
35.58  -0.000853912
35.6  -0.000849905
35.62  -0.000845593
35.64  -0.00084098
35.66  -0.00083607
35.68  -0.000830866
35.7  -0.000825375
35.72  -0.000819599
35.74  -0.000813544
35.76  -0.000807214
35.78  -0.000800614
35.8  -0.000793749
35.82  -0.000786623
35.84  -0.000779242
35.86  -0.00077161
35.88  -0.000763733
35.9  -0.000755614
35.92  -0.000747261
35.94  -0.000738677
35.96  -0.000729868
35.98  -0.00072084
36  -0.000711597
36.02  -0.000702145
36.04  -0.00069249
36.06  -0.000682636
36.08  -0.00067259
36.1  -0.000662356
36.12  -0.000651941
36.14  -0.00064135
36.16  -0.000630588
36.18  -0.000619662
36.2  -0.000608576
36.22  -0.000597337
36.24  -0.00058595
36.26  -0.000574421
36.28  -0.000562755
36.3  -0.000550959
36.32  -0.000539037
36.34  -0.000526997
36.36  -0.000514842
36.38  -0.00050258
36.4  -0.000490216
36.42  -0.000477756
36.44  -0.000465204
36.46  -0.000452568
36.48  -0.000439853
36.5  -0.000427064
36.52  -0.000414206
36.54  -0.000401287
36.56  -0.000388311
36.58  -0.000375283
36.6  -0.000362211
36.62  -0.000349098
36.64  -0.000335951
36.66  -0.000322774
36.68  -0.000309575
36.7  -0.000296357
36.72  -0.000283126
36.74  -0.000269888
36.76  -0.000256649
36.78  -0.000243412
36.8  -0.000230184
36.82  -0.000216969
36.84  -0.000203773
36.86  -0.000190601
36.88  -0.000177458
36.9  -0.000164349
36.92  -0.000151279
36.94  -0.000138252
36.96  -0.000125274
36.98  -0.000112349
37  -9.94826e-05
37.02  -8.66785e-05
37.04  -7.39415e-05
37.06  -6.12764e-05
37.08  -4.86874e-05
37.1  -3.6179e-05
37.12  -2.37555e-05
37.14  -1.14212e-05
37.16  8.19759e-07
37.18  1.29632e-05
37.2  2.50052e-05
37.22  3.69416e-05
37.24  4.87687e-05
37.26  6.04826e-05
37.28  7.20794e-05
37.3  8.35557e-05
37.32  9.49077e-05
37.34  0.000106132
37.36  0.000117225
37.38  0.000128183
37.4  0.000139004
37.42  0.000149684
37.44  0.000160219
37.46  0.000170607
37.48  0.000180846
37.5  0.000190931
37.52  0.00020086
37.54  0.000210631
37.56  0.00022024
37.58  0.000229686
37.6  0.000238966
37.62  0.000248078
37.64  0.000257018
37.66  0.000265786
37.68  0.000274379
37.7  0.000282794
37.72  0.000291031
37.74  0.000299086
37.76  0.000306959
37.78  0.000314648
37.8  0.000322151
37.82  0.000329467
37.84  0.000336593
37.86  0.00034353
37.88  0.000350275
37.9  0.000356828
37.92  0.000363187
37.94  0.000369351
37.96  0.00037532
37.98  0.000381093
38  0.000386669
38.02  0.000392046
38.04  0.000397226
38.06  0.000402207
38.08  0.000406989
38.1  0.000411571
38.12  0.000415954
38.14  0.000420137
38.16  0.00042412
38.18  0.000427903
38.2  0.000431486
38.22  0.000434869
38.24  0.000438053
38.26  0.000441038
38.28  0.000443825
38.3  0.000446413
38.32  0.000448803
38.34  0.000450996
38.36  0.000452993
38.38  0.000454795
38.4  0.000456401
38.42  0.000457814
38.44  0.000459034
38.46  0.000460062
38.48  0.000460899
38.5  0.000461546
38.52  0.000462006
38.54  0.000462278
38.56  0.000462365
38.58  0.000462268
38.6  0.000461988
38.62  0.000461527
38.64  0.000460886
38.66  0.000460068
38.68  0.000459073
38.7  0.000457904
38.72  0.000456563
38.74  0.000455051
38.76  0.000453371
38.78  0.000451524
38.8  0.000449513
38.82  0.000447339
38.84  0.000445005
38.86  0.000442513
38.88  0.000439865
38.9  0.000437063
38.92  0.00043411
38.94  0.000431009
38.96  0.000427761
38.98  0.000424369
39  0.000420836
39.02  0.000417163
39.04  0.000413354
39.06  0.000409412
39.08  0.000405338
39.1  0.000401136
39.12  0.000396808
39.14  0.000392357
39.16  0.000387785
39.18  0.000383096
39.2  0.000378292
39.22  0.000373376
39.24  0.000368351
39.26  0.000363219
39.28  0.000357985
39.3  0.000352649
39.32  0.000347216
39.34  0.000341689
39.36  0.00033607
39.38  0.000330361
39.4  0.000324568
39.42  0.000318691
39.44  0.000312734
39.46  0.000306701
39.48  0.000300594
39.5  0.000294416
39.52  0.00028817
39.54  0.00028186
39.56  0.000275487
39.58  0.000269056
39.6  0.000262569
39.62  0.00025603
39.64  0.000249441
39.66  0.000242805
39.68  0.000236125
39.7  0.000229405
39.72  0.000222647
39.74  0.000215854
39.76  0.00020903
39.78  0.000202177
39.8  0.000195298
39.82  0.000188396
39.84  0.000181474
39.86  0.000174535
39.88  0.000167582
39.9  0.000160617
39.92  0.000153644
39.94  0.000146666
39.96  0.000139684
39.98  0.000132703
40  0.000125724


0  1
0.02  1
0.04  0.999604
0.06  0.998817
0.08  0.997643
0.1  0.996084
0.12  0.994147
0.14  0.991835
0.16  0.989153
0.18  0.986105
0.2  0.982697
0.22  0.978933
0.24  0.974817
0.26  0.970356
0.28  0.965553
0.3  0.960416
0.32  0.954947
0.34  0.949154
0.36  0.943042
0.38  0.936616
0.4  0.929881
0.42  0.922844
0.44  0.915511
0.46  0.907886
0.48  0.899977
0.5  0.891789
0.52  0.883328
0.54  0.8746
0.56  0.865611
0.58  0.856369
0.6  0.846878
0.62  0.837145
0.64  0.827176
0.66  0.816979
0.68  0.806559
0.7  0.795922
0.72  0.785076
0.74  0.774026
0.76  0.76278
0.78  0.751343
0.8  0.739723
0.82  0.727925
0.84  0.715957
0.86  0.703825
0.88  0.691536
0.9  0.679096
0.92  0.666512
0.94  0.65379
0.96  0.640938
0.98  0.627961
1  0.614866
1.02  0.601661
1.04  0.58835
1.06  0.574942
1.08  0.561442
1.1  0.547857
1.12  0.534193
1.14  0.520458
1.16  0.506656
1.18  0.492795
1.2  0.478881
1.22  0.46492
1.24  0.450919
1.26  0.436884
1.28  0.42282
1.3  0.408735
1.32  0.394634
1.34  0.380522
1.36  0.366407
1.38  0.352294
1.4  0.338189
1.42  0.324098
1.44  0.310026
1.46  0.29598
1.48  0.281964
1.5  0.267984
1.52  0.254046
1.54  0.240156
1.56  0.226318
1.58  0.212538
1.6  0.198821
1.62  0.185172
1.64  0.171596
1.66  0.158099
1.68  0.144684
1.7  0.131358
1.72  0.118124
1.74  0.104987
1.76  0.091952
1.78  0.0790232
1.8  0.0662049
1.82  0.0535016
1.84  0.0409173
1.86  0.0284562
1.88  0.0161223
1.9  0.0039195
1.92  -0.00814832
1.94  -0.0200775
1.96  -0.0318643
1.98  -0.0435052
2  -0.0549968
2.02  -0.0663358
2.04  -0.0775188
2.06  -0.0885428
2.08  -0.0994046
2.1  -0.110101
2.12  -0.12063
2.14  -0.130988
2.16  -0.141173
2.18  -0.151182
2.2  -0.161012
2.22  -0.170661
2.24  -0.180128
2.26  -0.189409
2.28  -0.198503
2.3  -0.207408
2.32  -0.216122
2.34  -0.224643
2.36  -0.23297
2.38  -0.2411
2.4  -0.249033
2.42  -0.256768
2.44  -0.264302
2.46  -0.271634
2.48  -0.278765
2.5  -0.285692
2.52  -0.292415
2.54  -0.298933
2.56  -0.305246
2.58  -0.311352
2.6  -0.317252
2.62  -0.322944
2.64  -0.32843
2.66  -0.333707
2.68  -0.338777
2.7  -0.34364
2.72  -0.348294
2.74  -0.352742
2.76  -0.356982
2.78  -0.361015
2.8  -0.364842
2.82  -0.368464
2.84  -0.371879
2.86  -0.375091
2.88  -0.378098
2.9  -0.380903
2.92  -0.383505
2.94  -0.385906
2.96  -0.388108
2.98  -0.390111
3  -0.391916
3.02  -0.393525
3.04  -0.394939
3.06  -0.39616
3.08  -0.397189
3.1  -0.398028
3.12  -0.398679
3.14  -0.399143
3.16  -0.399422
3.18  -0.399518
3.2  -0.399432
3.22  -0.399168
3.24  -0.398727
3.26  -0.39811
3.28  -0.397321
3.3  -0.396362
3.32  -0.395234
3.34  -0.393941
3.36  -0.392484
3.38  -0.390866
3.4  -0.389089
3.42  -0.387157
3.44  -0.385071
3.46  -0.382834
3.48  -0.38045
3.5  -0.37792
3.52  -0.375247
3.54  -0.372435
3.56  -0.369486
3.58  -0.366402
3.6  -0.363188
3.62  -0.359845
3.64  -0.356377
3.66  -0.352786
3.68  -0.349077
3.7  -0.345251
3.72  -0.341312
3.74  -0.337262
3.76  -0.333106
3.78  -0.328846
3.8  -0.324485
3.82  -0.320027
3.84  -0.315474
3.86  -0.310831
3.88  -0.306099
3.9  -0.301282
3.92  -0.296384
3.94  -0.291407
3.96  -0.286356
3.98  -0.281232
4  -0.27604
4.02  -0.270783
4.04  -0.265463
4.06  -0.260085
4.08  -0.254651
4.1  -0.249164
4.12  -0.243628
4.14  -0.238046
4.16  -0.232422
4.18  -0.226757
4.2  -0.221057
4.22  -0.215323
4.24  -0.209559
4.26  -0.203767
4.28  -0.197953
4.3  -0.192117
4.32  -0.186264
4.34  -0.180396
4.36  -0.174516
4.38  -0.168628
4.4  -0.162735
4.42  -0.156839
4.44  -0.150943
4.46  -0.145051
4.48  -0.139165
4.5  -0.133288
4.52  -0.127423
4.54  -0.121572
4.56  -0.115739
4.58  -0.109926
4.6  -0.104136
4.62  -0.0983716
4.64  -0.0926352
4.66  -0.0869296
4.68  -0.0812572
4.7  -0.0756206
4.72  -0.0700222
4.74  -0.0644645
4.76  -0.0589499
4.78  -0.0534807
4.8  -0.0480591
4.82  -0.0426875
4.84  -0.0373681
4.86  -0.032103
4.88  -0.0268944
4.9  -0.0217443
4.92  -0.0166548
4.94  -0.0116278
4.96  -0.00666526
4.98  -0.00176908
5  0.00305891
5.02  0.00781693
5.04  0.0125032
5.06  0.0171161
5.08  0.021654
5.1  0.0261153
5.12  0.0304984
5.14  0.0348019
5.16  0.0390243
5.18  0.0431643
5.2  0.0472205
5.22  0.0511916
5.24  0.0550766
5.26  0.058874
5.28  0.062583
5.3  0.0662023
5.32  0.069731
5.34  0.0731682
5.36  0.0765128
5.38  0.0797642
5.4  0.0829214
5.42  0.0859837
5.44  0.0889505
5.46  0.0918211
5.48  0.0945949
5.5  0.0972714
5.52  0.0998501
5.54  0.102331
5.56  0.104712
5.58  0.106995
5.6  0.109179
5.62  0.111264
5.64  0.113248
5.66  0.115133
5.68  0.116919
5.7  0.118604
5.72  0.12019
5.74  0.121676
5.76  0.123063
5.78  0.12435
5.8  0.125538
5.82  0.126627
5.84  0.127618
5.86  0.12851
5.88  0.129305
5.9  0.130002
5.92  0.130603
5.94  0.131107
5.96  0.131516
5.98  0.131829
6  0.132049
6.02  0.132175
6.04  0.132207
6.06  0.132148
6.08  0.131998
6.1  0.131757
6.12  0.131427
6.14  0.131009
6.16  0.130503
6.18  0.129911
6.2  0.129233
6.22  0.128471
6.24  0.127626
6.26  0.126699
6.28  0.125692
6.3  0.124605
6.32  0.12344
6.34  0.122198
6.36  0.12088
6.38  0.119488
6.4  0.118024
6.42  0.116488
6.44  0.114882
6.46  0.113207
6.48  0.111466
6.5  0.109659
6.52  0.107789
6.54  0.105855
6.56  0.103861
6.58  0.101808
6.6  0.0996977
6.62  0.0975311
6.64  0.0953102
6.66  0.0930367
6.68  0.0907124
6.7  0.0883388
6.72  0.0859177
6.74  0.083451
6.76  0.0809402
6.78  0.0783871
6.8  0.0757936
6.82  0.0731614
6.84  0.0704923
6.86  0.067788
6.88  0.0650505
6.9  0.0622814
6.92  0.0594826
6.94  0.0566559
6.96  0.0538031
6.98  0.0509261
7  0.0480267
7.02  0.0451067
7.04  0.0421679
7.06  0.0392121
7.08  0.0362412
7.1  0.033257
7.12  0.0302613
7.14  0.0272559
7.16  0.0242426
7.18  0.0212233
7.2  0.0181996
7.22  0.0151735
7.24  0.0121466
7.26  0.00912083
7.28  0.00609782
7.3  0.00307937
7.32  6.72171e-05
7.34  -0.00293692
7.36  -0.00593133
7.38  -0.0089143
7.4  -0.0118842
7.42  -0.0148392
7.44  -0.0177779
7.46  -0.0206985
7.48  -0.0235993
7.5  -0.0264789
7.52  -0.0293356
7.54  -0.0321678
7.56  -0.034974
7.58  -0.0377528
7.6  -0.0405024
7.62  -0.0432216
7.64  -0.0459088
7.66  -0.0485626
7.68  -0.0511816
7.7  -0.0537643
7.72  -0.0563095
7.74  -0.0588157
7.76  -0.0612817
7.78  -0.0637061
7.8  -0.0660878
7.82  -0.0684253
7.84  -0.0707177
7.86  -0.0729635
7.88  -0.0751618
7.9  -0.0773113
7.92  -0.079411
7.94  -0.0814598
7.96  -0.0834567
7.98  -0.0854006
8  -0.0872905
8.02  -0.0891256
8.04  -0.0909048
8.06  -0.0926273
8.08  -0.0942923
8.1  -0.0958989
8.12  -0.0974463
8.14  -0.0989337
8.16  -0.10036
8.18  -0.101726
8.2  -0.103029
8.22  -0.10427
8.24  -0.105447
8.26  -0.106561
8.28  -0.10761
8.3  -0.108594
8.32  -0.109513
8.34  -0.110366
8.36  -0.111153
8.38  -0.111873
8.4  -0.112527
8.42  -0.113113
8.44  -0.113632
8.46  -0.114083
8.48  -0.114466
8.5  -0.114781
8.52  -0.115028
8.54  -0.115206
8.56  -0.115316
8.58  -0.115358
8.6  -0.115332
8.62  -0.115237
8.64  -0.115073
8.66  -0.114842
8.68  -0.114542
8.7  -0.114175
8.72  -0.113739
8.74  -0.113236
8.76  -0.112666
8.78  -0.112029
8.8  -0.111326
8.82  -0.110556
8.84  -0.10972
8.86  -0.108818
8.88  -0.107852
8.9  -0.106821
8.92  -0.105726
8.94  -0.104567
8.96  -0.103345
8.98  -0.102061
9  -0.100715
9.02  -0.0993082
9.04  -0.0978406
9.06  -0.0963132
9.08  -0.0947267
9.1  -0.093082
9.12  -0.0913796
9.14  -0.0896206
9.16  -0.0878056
9.18  -0.0859355
9.2  -0.0840113
9.22  -0.0820337
9.24  -0.0800037
9.26  -0.0779224
9.28  -0.0757905
9.3  -0.0736092
9.32  -0.0713793
9.34  -0.0691021
9.36  -0.0667784
9.38  -0.0644094
9.4  -0.0619961
9.42  -0.0595397
9.44  -0.0570413
9.46  -0.054502
9.48  -0.051923
9.5  -0.0493055
9.52  -0.0466506
9.54  -0.0439595
9.56  -0.0412335
9.58  -0.0384738
9.6  -0.0356817
9.62  -0.0328583
9.64  -0.0300051
9.66  -0.0271232
9.68  -0.024214
9.7  -0.0212788
9.72  -0.0183188
9.74  -0.0153355
9.76  -0.0123301
9.78  -0.00930405
9.8  -0.00625861
9.82  -0.00319518
9.84  -0.000115118
9.86  0.00298021
9.88  0.00608941
9.9  0.00921112
9.92  0.012344
9.94  0.0154865
9.96  0.0186374
9.98  0.0217953
10  0.0249586
10.02  0.0281262
10.04  0.0312965
10.06  0.0344681
10.08  0.0376398
10.1  0.0408099
10.12  0.0439773
10.14  0.0471404
10.16  0.050298
10.18  0.0534485
10.2  0.0565907
10.22  0.0597231
10.24  0.0628443
10.26  0.0659531
10.28  0.0690481
10.3  0.0721278
10.32  0.075191
10.34  0.0782363
10.36  0.0812624
10.38  0.084268
10.4  0.0872517
10.42  0.0902123
10.44  0.0931485
10.46  0.0960589
10.48  0.0989424
10.5  0.101798
10.52  0.104623
10.54  0.107418
10.56  0.110182
10.58  0.112912
10.6  0.115607
10.62  0.118267
10.64  0.120891
10.66  0.123477
10.68  0.126024
10.7  0.12853
10.72  0.130996
10.74  0.133419
10.76  0.1358
10.78  0.138136
10.8  0.140426
10.82  0.142671
10.84  0.144868
10.86  0.147016
10.88  0.149116
10.9  0.151165
10.92  0.153164
10.94  0.15511
10.96  0.157004
10.98  0.158844
11  0.16063
11.02  0.16236
11.04  0.164035
11.06  0.165653
11.08  0.167213
11.1  0.168715
11.12  0.170158
11.14  0.171542
11.16  0.172865
11.18  0.174128
11.2  0.17533
11.22  0.176469
11.24  0.177547
11.26  0.178561
11.28  0.179512
11.3  0.180398
11.32  0.181221
11.34  0.181979
11.36  0.182672
11.38  0.183299
11.4  0.18386
11.42  0.184356
11.44  0.184785
11.46  0.185147
11.48  0.185443
11.5  0.185671
11.52  0.185832
11.54  0.185926
11.56  0.185952
11.58  0.18591
11.6  0.185801
11.62  0.185624
11.64  0.185379
11.66  0.185066
11.68  0.184686
11.7  0.184238
11.72  0.183722
11.74  0.183139
11.76  0.182489
11.78  0.181771
11.8  0.180986
11.82  0.180134
11.84  0.179216
11.86  0.178231
11.88  0.177181
11.9  0.176064
11.92  0.174883
11.94  0.173636
11.96  0.172324
11.98  0.170948
12  0.169509
12.02  0.168006
12.04  0.16644
12.06  0.164812
12.08  0.163121
12.1  0.16137
12.12  0.159558
12.14  0.157685
12.16  0.155753
12.18  0.153762
12.2  0.151713
12.22  0.149606
12.24  0.147442
12.26  0.145222
12.28  0.142947
12.3  0.140617
12.32  0.138233
12.34  0.135796
12.36  0.133307
12.38  0.130766
12.4  0.128175
12.42  0.125534
12.44  0.122844
12.46  0.120106
12.48  0.117322
12.5  0.114491
12.52  0.111615
12.54  0.108695
12.56  0.105732
12.58  0.102727
12.6  0.0996804
12.62  0.0965941
12.64  0.0934687
12.66  0.0903054
12.68  0.0871052
12.7  0.0838693
12.72  0.0805986
12.74  0.0772944
12.76  0.0739577
12.78  0.0705898
12.8  0.0671916
12.82  0.0637645
12.84  0.0603095
12.86  0.0568278
12.88  0.0533206
12.9  0.0497892
12.92  0.0462347
12.94  0.0426583
12.96  0.0390612
12.98  0.0354447
13  0.0318099
13.02  0.0281582
13.04  0.0244908
13.06  0.0208088
13.08  0.0171137
13.1  0.0134065
13.12  0.00968859
13.14  0.00596122
13.16  0.00222564
13.18  -0.00151688
13.2  -0.00526507
13.22  -0.00901766
13.24  -0.0127734
13.26  -0.016531
13.28  -0.0202892
13.3  -0.0240467
13.32  -0.0278022
13.34  -0.0315546
13.36  -0.0353024
13.38  -0.0390446
13.4  -0.0427797
13.42  -0.0465065
13.44  -0.0502238
13.46  -0.0539304
13.48  -0.0576249
13.5  -0.0613062
13.52  -0.0649729
13.54  -0.0686239
13.56  -0.072258
13.58  -0.0758739
13.6  -0.0794704
13.62  -0.0830463
13.64  -0.0866005
13.66  -0.0901316
13.68  -0.0936386
13.7  -0.0971203
13.72  -0.100575
13.74  -0.104003
13.76  -0.107402
13.78  -0.11077
13.8  -0.114108
13.82  -0.117414
13.84  -0.120686
13.86  -0.123924
13.88  -0.127127
13.9  -0.130293
13.92  -0.133421
13.94  -0.136511
13.96  -0.139561
13.98  -0.142571
14  -0.145539
14.02  -0.148465
14.04  -0.151347
14.06  -0.154184
14.08  -0.156976
14.1  -0.159722
14.12  -0.16242
14.14  -0.16507
14.16  -0.167672
14.18  -0.170223
14.2  -0.172724
14.22  -0.175173
14.24  -0.177569
14.26  -0.179913
14.28  -0.182203
14.3  -0.184438
14.32  -0.186617
14.34  -0.188741
14.36  -0.190808
14.38  -0.192817
14.4  -0.194768
14.42  -0.196661
14.44  -0.198494
14.46  -0.200267
14.48  -0.20198
14.5  -0.203631
14.52  -0.205221
14.54  -0.206749
14.56  -0.208214
14.58  -0.209616
14.6  -0.210954
14.62  -0.212229
14.64  -0.213439
14.66  -0.214584
14.68  -0.215664
14.7  -0.216679
14.72  -0.217628
14.74  -0.21851
14.76  -0.219326
14.78  -0.220076
14.8  -0.220759
14.82  -0.221374
14.84  -0.221922
14.86  -0.222403
14.88  -0.222816
14.9  -0.223161
14.92  -0.223438
14.94  -0.223647
14.96  -0.223788
14.98  -0.223861
15  -0.223866
15.02  -0.223803
15.04  -0.223672
15.06  -0.223472
15.08  -0.223205
15.1  -0.22287
15.12  -0.222467
15.14  -0.221996
15.16  -0.221458
15.18  -0.220852
15.2  -0.22018
15.22  -0.21944
15.24  -0.218634
15.26  -0.217761
15.28  -0.216822
15.3  -0.215817
15.32  -0.214747
15.34  -0.213611
15.36  -0.212411
15.38  -0.211146
15.4  -0.209817
15.42  -0.208425
15.44  -0.206969
15.46  -0.20545
15.48  -0.203869
15.5  -0.202227
15.52  -0.200523
15.54  -0.198758
15.56  -0.196933
15.58  -0.195049
15.6  -0.193106
15.62  -0.191104
15.64  -0.189044
15.66  -0.186927
15.68  -0.184754
15.7  -0.182525
15.72  -0.180241
15.74  -0.177902
15.76  -0.17551
15.78  -0.173064
15.8  -0.170567
15.82  -0.168018
15.84  -0.165419
15.86  -0.162769
15.88  -0.160071
15.9  -0.157325
15.92  -0.154531
15.94  -0.15169
15.96  -0.148804
15.98  -0.145874
16  -0.142899
16.02  -0.139882
16.04  -0.136823
16.06  -0.133722
16.08  -0.130582
16.1  -0.127402
16.12  -0.124185
16.14  -0.12093
16.16  -0.117638
16.18  -0.114312
16.2  -0.110952
16.22  -0.107558
16.24  -0.104132
16.26  -0.100675
16.28  -0.0971882
16.3  -0.0936722
16.32  -0.0901284
16.34  -0.0865576
16.36  -0.0829611
16.38  -0.0793399
16.4  -0.075695
16.42  -0.0720277
16.44  -0.068339
16.46  -0.0646299
16.48  -0.0609017
16.5  -0.0571553
16.52  -0.0533921
16.54  -0.049613
16.56  -0.0458192
16.58  -0.0420118
16.6  -0.038192
16.62  -0.034361
16.64  -0.0305197
16.66  -0.0266695
16.68  -0.0228114
16.7  -0.0189466
16.72  -0.0150762
16.74  -0.0112013
16.76  -0.0073232
16.78  -0.00344294
16.8  0.000438316
16.82  0.00431942
16.84  0.00819923
16.86  0.0120766
16.88  0.0159504
16.9  0.0198195
16.92  0.0236827
16.94  0.027539
16.96  0.0313871
16.98  0.0352261
17  0.0390546
17.02  0.0428717
17.04  0.0466763
17.06  0.0504671
17.08  0.0542431
17.1  0.0580033
17.12  0.0617465
17.14  0.0654716
17.16  0.0691776
17.18  0.0728634
17.2  0.0765279
17.22  0.08017
17.24  0.0837888
17.26  0.0873832
17.28  0.0909521
17.3  0.0944946
17.32  0.0980095
17.34  0.101496
17.36  0.104953
17.38  0.108379
17.4  0.111775
17.42  0.115137
17.44  0.118466
17.46  0.121761
17.48  0.125021
17.5  0.128245
17.52  0.131431
17.54  0.134579
17.56  0.137689
17.58  0.140759
17.6  0.143788
17.62  0.146776
17.64  0.149721
17.66  0.152624
17.68  0.155482
17.7  0.158296
17.72  0.161064
17.74  0.163786
17.76  0.166461
17.78  0.169089
17.8  0.171667
17.82  0.174197
17.84  0.176677
17.86  0.179106
17.88  0.181484
17.9  0.18381
17.92  0.186083
17.94  0.188304
17.96  0.19047
17.98  0.192583
18  0.19464
18.02  0.196643
18.04  0.198589
18.06  0.200478
18.08  0.202311
18.1  0.204087
18.12  0.205804
18.14  0.207463
18.16  0.209063
18.18  0.210604
18.2  0.212085
18.22  0.213507
18.24  0.214868
18.26  0.216168
18.28  0.217407
18.3  0.218585
18.32  0.219702
18.34  0.220756
18.36  0.221748
18.38  0.222678
18.4  0.223545
18.42  0.22435
18.44  0.225091
18.46  0.225769
18.48  0.226384
18.5  0.226936
18.52  0.227424
18.54  0.227848
18.56  0.228209
18.58  0.228506
18.6  0.228739
18.62  0.228908
18.64  0.229013
18.66  0.229055
18.68  0.229033
18.7  0.228947
18.72  0.228798
18.74  0.228584
18.76  0.228308
18.78  0.227968
18.8  0.227565
18.82  0.227099
18.84  0.22657
18.86  0.225978
18.88  0.225324
18.9  0.224608
18.92  0.22383
18.94  0.22299
18.96  0.222088
18.98  0.221126
19  0.220103
19.02  0.219019
19.04  0.217875
19.06  0.216671
19.08  0.215408
19.1  0.214086
19.12  0.212706
19.14  0.211267
19.16  0.209771
19.18  0.208217
19.2  0.206607
19.22  0.20494
19.24  0.203217
19.26  0.20144
19.28  0.199607
19.3  0.197721
19.32  0.19578
19.34  0.193787
19.36  0.191742
19.38  0.189644
19.4  0.187495
19.42  0.185296
19.44  0.183047
19.46  0.180749
19.48  0.178402
19.5  0.176007
19.52  0.173565
19.54  0.171077
19.56  0.168542
19.58  0.165963
19.6  0.163339
19.62  0.160672
19.64  0.157962
19.66  0.155211
19.68  0.152418
19.7  0.149584
19.72  0.146711
19.74  0.1438
19.76  0.14085
19.78  0.137863
19.8  0.13484
19.82  0.131782
19.84  0.128689
19.86  0.125563
19.88  0.122404
19.9  0.119213
19.92  0.115991
19.94  0.112739
19.96  0.109458
19.98  0.106148
20  0.102812
20.02  0.0994488
20.04  0.0960604
20.06  0.0926475
20.08  0.0892112
20.1  0.0857522
20.12  0.0822717
20.14  0.0787706
20.16  0.0752498
20.18  0.0717104
20.2  0.0681532
20.22  0.0645793
20.24  0.0609897
20.26  0.0573854
20.28  0.0537673
20.3  0.0501364
20.32  0.0464938
20.34  0.0428405
20.36  0.0391774
20.38  0.0355055
20.4  0.0318259
20.42  0.0281396
20.44  0.0244475
20.46  0.0207507
20.48  0.0170502
20.5  0.0133469
20.52  0.00964193
20.54  0.00593626
20.56  0.00223088
20.58  -0.0014732
20.6  -0.00517499
20.62  -0.00887347
20.64  -0.0125677
20.66  -0.0162565
20.68  -0.0199392
20.7  -0.0236145
20.72  -0.0272816
20.74  -0.0309394
20.76  -0.034587
20.78  -0.0382234
20.8  -0.0418477
20.82  -0.0454588
20.84  -0.0490558
20.86  -0.0526377
20.88  -0.0562037
20.9  -0.0597527
20.92  -0.0632837
20.94  -0.066796
20.96  -0.0702885
20.98  -0.0737603
21  -0.0772105
21.02  -0.0806382
21.04  -0.0840424
21.06  -0.0874224
21.08  -0.0907772
21.1  -0.0941058
21.12  -0.0974076
21.14  -0.100681
21.16  -0.103927
21.18  -0.107142
21.2  -0.110328
21.22  -0.113482
21.24  -0.116604
21.26  -0.119694
21.28  -0.122749
21.3  -0.125771
21.32  -0.128757
21.34  -0.131707
21.36  -0.134621
21.38  -0.137497
21.4  -0.140334
21.42  -0.143133
21.44  -0.145893
21.46  -0.148611
21.48  -0.151289
21.5  -0.153925
21.52  -0.156519
21.54  -0.15907
21.56  -0.161577
21.58  -0.164039
21.6  -0.166457
21.62  -0.168829
21.64  -0.171155
21.66  -0.173434
21.68  -0.175666
21.7  -0.17785
21.72  -0.179986
21.74  -0.182072
21.76  -0.18411
21.78  -0.186097
21.8  -0.188034
21.82  -0.189919
21.84  -0.191754
21.86  -0.193537
21.88  -0.195267
21.9  -0.196945
21.92  -0.198569
21.94  -0.20014
21.96  -0.201658
21.98  -0.203121
22  -0.204529
22.02  -0.205883
22.04  -0.207181
22.06  -0.208424
22.08  -0.209611
22.1  -0.210742
22.12  -0.211817
22.14  -0.212835
22.16  -0.213796
22.18  -0.2147
22.2  -0.215547
22.22  -0.216337
22.24  -0.217069
22.26  -0.217744
22.28  -0.21836
22.3  -0.218919
22.32  -0.21942
22.34  -0.219862
22.36  -0.220246
22.38  -0.220572
22.4  -0.22084
22.42  -0.221049
22.44  -0.2212
22.46  -0.221293
22.48  -0.221327
22.5  -0.221303
22.52  -0.221221
22.54  -0.221081
22.56  -0.220882
22.58  -0.220626
22.6  -0.220311
22.62  -0.219939
22.64  -0.219509
22.66  -0.219022
22.68  -0.218477
22.7  -0.217875
22.72  -0.217217
22.74  -0.216501
22.76  -0.215729
22.78  -0.214901
22.8  -0.214017
22.82  -0.213077
22.84  -0.212082
22.86  -0.211031
22.88  -0.209926
22.9  -0.208766
22.92  -0.207553
22.94  -0.206285
22.96  -0.204964
22.98  -0.20359
23  -0.202163
23.02  -0.200684
23.04  -0.199153
23.06  -0.197571
23.08  -0.195938
23.1  -0.194254
23.12  -0.192521
23.14  -0.190738
23.16  -0.188906
23.18  -0.187025
23.2  -0.185097
23.22  -0.183121
23.24  -0.181098
23.26  -0.179029
23.28  -0.176914
23.3  -0.174754
23.32  -0.17255
23.34  -0.170301
23.36  -0.168009
23.38  -0.165675
23.4  -0.163298
23.42  -0.16088
23.44  -0.158421
23.46  -0.155922
23.48  -0.153383
23.5  -0.150806
23.52  -0.148191
23.54  -0.145538
23.56  -0.142849
23.58  -0.140124
23.6  -0.137363
23.62  -0.134568
23.64  -0.13174
23.66  -0.128878
23.68  -0.125985
23.7  -0.12306
23.72  -0.120104
23.74  -0.117119
23.76  -0.114104
23.78  -0.111061
23.8  -0.107991
23.82  -0.104894
23.84  -0.101772
23.86  -0.098624
23.88  -0.0954522
23.9  -0.0922572
23.92  -0.0890396
23.94  -0.0858005
23.96  -0.0825406
23.98  -0.0792607
24  -0.0759619
24.02  -0.0726448
24.04  -0.0693105
24.06  -0.0659597
24.08  -0.0625933
24.1  -0.0592123
24.12  -0.0558175
24.14  -0.0524097
24.16  -0.0489899
24.18  -0.0455591
24.2  -0.0421179
24.22  -0.0386674
24.24  -0.0352085
24.26  -0.0317421
24.28  -0.028269
24.3  -0.0247901
24.32  -0.0213064
24.34  -0.0178188
24.36  -0.0143281
24.38  -0.0108352
24.4  -0.00734119
24.42  -0.0038468
24.44  -0.00035298
24.46  0.00313937
24.48  0.00662935
24.5  0.0101161
24.52  0.0135986
24.54  0.0170761
24.56  0.0205477
24.58  0.0240124
24.6  0.0274693
24.62  0.0309177
24.64  0.0343565
24.66  0.037785
24.68  0.0412022
24.7  0.0446073
24.72  0.0479994
24.74  0.0513776
24.76  0.0547411
24.78  0.058089
24.8  0.0614204
24.82  0.0647346
24.84  0.0680307
24.86  0.0713078
24.88  0.0745651
24.9  0.0778017
24.92  0.081017
24.94  0.0842099
24.96  0.0873799
24.98  0.0905259
25  0.0936473
25.02  0.0967432
25.04  0.0998129
25.06  0.102856
25.08  0.10587
25.1  0.108857
25.12  0.111814
25.14  0.114741
25.16  0.117637
25.18  0.120502
25.2  0.123335
25.22  0.126134
25.24  0.1289
25.26  0.131632
25.28  0.134329
25.3  0.13699
25.32  0.139615
25.34  0.142202
25.36  0.144753
25.38  0.147264
25.4  0.149737
25.42  0.152171
25.44  0.154564
25.46  0.156917
25.48  0.159228
25.5  0.161498
25.52  0.163725
25.54  0.165909
25.56  0.16805
25.58  0.170146
25.6  0.172198
25.62  0.174205
25.64  0.176167
25.66  0.178082
25.68  0.179951
25.7  0.181773
25.72  0.183548
25.74  0.185275
25.76  0.186953
25.78  0.188583
25.8  0.190164
25.82  0.191695
25.84  0.193177
25.86  0.194608
25.88  0.195989
25.9  0.19732
25.92  0.198599
25.94  0.199826
25.96  0.201002
25.98  0.202126
26  0.203198
26.02  0.204217
26.04  0.205183
26.06  0.206096
26.08  0.206957
26.1  0.207763
26.12  0.208517
26.14  0.209216
26.16  0.209862
26.18  0.210453
26.2  0.21099
26.22  0.211473
26.24  0.211902
26.26  0.212276
26.28  0.212596
26.3  0.212861
26.32  0.213072
26.34  0.213227
26.36  0.213329
26.38  0.213375
26.4  0.213367
26.42  0.213304
26.44  0.213186
26.46  0.213014
26.48  0.212787
26.5  0.212506
26.52  0.212171
26.54  0.211781
26.56  0.211338
26.58  0.21084
26.6  0.210289
26.62  0.209684
26.64  0.209025
26.66  0.208313
26.68  0.207548
26.7  0.20673
26.72  0.20586
26.74  0.204937
26.76  0.203962
26.78  0.202935
26.8  0.201856
26.82  0.200727
26.84  0.199546
26.86  0.198314
26.88  0.197032
26.9  0.195701
26.92  0.194319
26.94  0.192888
26.96  0.191409
26.98  0.18988
27  0.188304
27.02  0.18668
27.04  0.185009
27.06  0.183291
27.08  0.181527
27.1  0.179717
27.12  0.177861
27.14  0.17596
27.16  0.174015
27.18  0.172027
27.2  0.169994
27.22  0.167919
27.24  0.165802
27.26  0.163643
27.28  0.161442
27.3  0.159201
27.32  0.15692
27.34  0.1546
27.36  0.15224
27.38  0.149843
27.4  0.147408
27.42  0.144935
27.44  0.142427
27.46  0.139883
27.48  0.137303
27.5  0.13469
27.52  0.132043
27.54  0.129362
27.56  0.12665
27.58  0.123905
27.6  0.12113
27.62  0.118325
27.64  0.11549
27.66  0.112627
27.68  0.109735
27.7  0.106816
27.72  0.103871
27.74  0.1009
27.76  0.0979035
27.78  0.0948832
27.8  0.0918394
27.82  0.0887729
27.84  0.0856846
27.86  0.0825751
27.88  0.0794454
27.9  0.0762961
27.92  0.0731281
27.94  0.0699423
27.96  0.0667394
27.98  0.0635202
28  0.0602856
28.02  0.0570364
28.04  0.0537734
28.06  0.0504974
28.08  0.0472094
28.1  0.0439101
28.12  0.0406003
28.14  0.0372809
28.16  0.0339529
28.18  0.0306169
28.2  0.0272738
28.22  0.0239246
28.24  0.02057
28.26  0.0172109
28.28  0.0138482
28.3  0.0104827
28.32  0.00711524
28.34  0.00374673
28.36  0.000377991
28.38  -0.00299011
28.4  -0.00635673
28.42  -0.009721
28.44  -0.0130821
28.46  -0.0164391
28.48  -0.0197912
28.5  -0.0231376
28.52  -0.0264774
28.54  -0.0298097
28.56  -0.0331338
28.58  -0.0364487
28.6  -0.0397537
28.62  -0.0430479
28.64  -0.0463304
28.66  -0.0496005
28.68  -0.0528573
28.7  -0.0560999
28.72  -0.0593276
28.74  -0.0625396
28.76  -0.065735
28.78  -0.0689131
28.8  -0.072073
28.82  -0.0752139
28.84  -0.078335
28.86  -0.0814356
28.88  -0.0845149
28.9  -0.0875721
28.92  -0.0906064
28.94  -0.093617
28.96  -0.0966032
28.98  -0.0995643
29  -0.1025
29.02  -0.105408
29.04  -0.108289
29.06  -0.111142
29.08  -0.113967
29.1  -0.116761
29.12  -0.119526
29.14  -0.12226
29.16  -0.124962
29.18  -0.127631
29.2  -0.130268
29.22  -0.132871
29.24  -0.13544
29.26  -0.137974
29.28  -0.140472
29.3  -0.142934
29.32  -0.14536
29.34  -0.147748
29.36  -0.150098
29.38  -0.152409
29.4  -0.154681
29.42  -0.156914
29.44  -0.159106
29.46  -0.161257
29.48  -0.163367
29.5  -0.165435
29.52  -0.167461
29.54  -0.169443
29.56  -0.171382
29.58  -0.173278
29.6  -0.175129
29.62  -0.176934
29.64  -0.178695
29.66  -0.18041
29.68  -0.182079
29.7  -0.183701
29.72  -0.185276
29.74  -0.186804
29.76  -0.188284
29.78  -0.189716
29.8  -0.191099
29.82  -0.192434
29.84  -0.193719
29.86  -0.194955
29.88  -0.196141
29.9  -0.197277
29.92  -0.198363
29.94  -0.199398
29.96  -0.200382
29.98  -0.201315
30  -0.202197
30.02  -0.203027
30.04  -0.203805
30.06  -0.204532
30.08  -0.205206
30.1  -0.205828
30.12  -0.206397
30.14  -0.206914
30.16  -0.207378
30.18  -0.20779
30.2  -0.208148
30.22  -0.208453
30.24  -0.208706
30.26  -0.208905
30.28  -0.209051
30.3  -0.209144
30.32  -0.209183
30.34  -0.20917
30.36  -0.209103
30.38  -0.208983
30.4  -0.208809
30.42  -0.208583
30.44  -0.208303
30.46  -0.207971
30.48  -0.207586
30.5  -0.207148
30.52  -0.206657
30.54  -0.206114
30.56  -0.205518
30.58  -0.20487
30.6  -0.204171
30.62  -0.203419
30.64  -0.202615
30.66  -0.201761
30.68  -0.200854
30.7  -0.199897
30.72  -0.198889
30.74  -0.197831
30.76  -0.196722
30.78  -0.195564
30.8  -0.194356
30.82  -0.193098
30.84  -0.191792
30.86  -0.190436
30.88  -0.189033
30.9  -0.187581
30.92  -0.186082
30.94  -0.184536
30.96  -0.182943
30.98  -0.181304
31  -0.179618
31.02  -0.177887
31.04  -0.176111
31.06  -0.174291
31.08  -0.172426
31.1  -0.170517
31.12  -0.168565
31.14  -0.166571
31.16  -0.164534
31.18  -0.162456
31.2  -0.160336
31.22  -0.158176
31.24  -0.155976
31.26  -0.153736
31.28  -0.151458
31.3  -0.149141
31.32  -0.146786
31.34  -0.144394
31.36  -0.141966
31.38  -0.139501
31.4  -0.137002
31.42  -0.134467
31.44  -0.131899
31.46  -0.129297
31.48  -0.126663
31.5  -0.123997
31.52  -0.121299
31.54  -0.118571
31.56  -0.115812
31.58  -0.113025
31.6  -0.110209
31.62  -0.107365
31.64  -0.104494
31.66  -0.101596
31.68  -0.0986731
31.7  -0.0957251
31.72  -0.092753
31.74  -0.0897574
31.76  -0.0867393
31.78  -0.0836993
31.8  -0.0806381
31.82  -0.0775567
31.84  -0.0744558
31.86  -0.0713361
31.88  -0.0681985
31.9  -0.0650437
31.92  -0.0618726
31.94  -0.0586859
31.96  -0.0554845
31.98  -0.0522692
32  -0.0490408
32.02  -0.0458001
32.04  -0.042548
32.06  -0.0392852
32.08  -0.0360127
32.1  -0.0327311
32.12  -0.0294415
32.14  -0.0261445
32.16  -0.0228411
32.18  -0.019532
32.2  -0.0162182
32.22  -0.0129005
32.24  -0.00957963
32.26  -0.00625652
32.28  -0.00293202
32.3  0.000393052
32.32  0.00371784
32.34  0.0070415
32.36  0.0103632
32.38  0.0136821
32.4  0.0169973
32.42  0.020308
32.44  0.0236134
32.46  0.0269126
32.48  0.0302048
32.5  0.0334891
32.52  0.0367647
32.54  0.0400308
32.56  0.0432866
32.58  0.0465312
32.6  0.0497638
32.62  0.0529835
32.64  0.0561897
32.66  0.0593813
32.68  0.0625578
32.7  0.0657181
32.72  0.0688616
32.74  0.0719874
32.76  0.0750947
32.78  0.0781828
32.8  0.0812508
32.82  0.084298
32.84  0.0873237
32.86  0.0903269
32.88  0.0933071
32.9  0.0962634
32.92  0.099195
32.94  0.102101
32.96  0.104981
32.98  0.107835
33  0.11066
33.02  0.113458
33.04  0.116226
33.06  0.118965
33.08  0.121674
33.1  0.124351
33.12  0.126996
33.14  0.129609
33.16  0.132189
33.18  0.134736
33.2  0.137247
33.22  0.139724
33.24  0.142165
33.26  0.14457
33.28  0.146938
33.3  0.149269
33.32  0.151561
33.34  0.153815
33.36  0.156029
33.38  0.158204
33.4  0.160338
33.42  0.162431
33.44  0.164483
33.46  0.166493
33.48  0.168461
33.5  0.170385
33.52  0.172266
33.54  0.174103
33.56  0.175896
33.58  0.177644
33.6  0.179347
33.62  0.181003
33.64  0.182614
33.66  0.184178
33.68  0.185696
33.7  0.187165
33.72  0.188587
33.74  0.189962
33.76  0.191287
33.78  0.192564
33.8  0.193792
33.82  0.19497
33.84  0.196099
33.86  0.197177
33.88  0.198206
33.9  0.199184
33.92  0.200111
33.94  0.200987
33.96  0.201812
33.98  0.202585
34  0.203307
34.02  0.203977
34.04  0.204595
34.06  0.205161
34.08  0.205674
34.1  0.206135
34.12  0.206544
34.14  0.2069
34.16  0.207203
34.18  0.207453
34.2  0.207651
34.22  0.207795
34.24  0.207887
34.26  0.207926
34.28  0.207911
34.3  0.207844
34.32  0.207724
34.34  0.20755
34.36  0.207324
34.38  0.207045
34.4  0.206713
34.42  0.206329
34.44  0.205892
34.46  0.205402
34.48  0.20486
34.5  0.204266
34.52  0.20362
34.54  0.202922
34.56  0.202172
34.58  0.201371
34.6  0.200518
34.62  0.199614
34.64  0.19866
34.66  0.197654
34.68  0.196599
34.7  0.195493
34.72  0.194337
34.74  0.193132
34.76  0.191878
34.78  0.190574
34.8  0.189223
34.82  0.187822
34.84  0.186374
34.86  0.184879
34.88  0.183336
34.9  0.181747
34.92  0.180111
34.94  0.178429
34.96  0.176702
34.98  0.17493
35  0.173113
35.02  0.171252
35.04  0.169348
35.06  0.1674
35.08  0.165409
35.1  0.163377
35.12  0.161302
35.14  0.159187
35.16  0.157031
35.18  0.154835
35.2  0.152599
35.22  0.150325
35.24  0.148012
35.26  0.145661
35.28  0.143274
35.3  0.140849
35.32  0.138389
35.34  0.135894
35.36  0.133363
35.38  0.130799
35.4  0.128202
35.42  0.125572
35.44  0.122909
35.46  0.120216
35.48  0.117491
35.5  0.114737
35.52  0.111953
35.54  0.109141
35.56  0.106301
35.58  0.103434
35.6  0.100541
35.62  0.0976217
35.64  0.0946776
35.66  0.0917094
35.68  0.0887178
35.7  0.0857035
35.72  0.0826674
35.74  0.0796101
35.76  0.0765325
35.78  0.0734354
35.8  0.0703196
35.82  0.0671857
35.84  0.0640348
35.86  0.0608674
35.88  0.0576845
35.9  0.0544869
35.92  0.0512754
35.94  0.0480508
35.96  0.0448138
35.98  0.0415655
36  0.0383065
36.02  0.0350377
36.04  0.0317599
36.06  0.0284741
36.08  0.0251809
36.1  0.0218813
36.12  0.0185761
36.14  0.0152661
36.16  0.0119522
36.18  0.0086352
36.2  0.005316
36.22  0.00199541
36.24  -0.00132571
36.26  -0.00464651
36.28  -0.00796616
36.3  -0.0112838
36.32  -0.0145986
36.34  -0.0179097
36.36  -0.0212162
36.38  -0.0245174
36.4  -0.0278123
36.42  -0.0311002
36.44  -0.0343801
36.46  -0.0376513
36.48  -0.0409129
36.5  -0.0441641
36.52  -0.0474041
36.54  -0.050632
36.56  -0.053847
36.58  -0.0570482
36.6  -0.060235
36.62  -0.0634064
36.64  -0.0665616
36.66  -0.0696999
36.68  -0.0728204
36.7  -0.0759224
36.72  -0.079005
36.74  -0.0820675
36.76  -0.085109
36.78  -0.0881289
36.8  -0.0911263
36.82  -0.0941004
36.84  -0.0970506
36.86  -0.099976
36.88  -0.102876
36.9  -0.10575
36.92  -0.108596
36.94  -0.111415
36.96  -0.114206
36.98  -0.116967
37  -0.119699
37.02  -0.1224
37.04  -0.12507
37.06  -0.127708
37.08  -0.130313
37.1  -0.132885
37.12  -0.135424
37.14  -0.137927
37.16  -0.140396
37.18  -0.142829
37.2  -0.145225
37.22  -0.147584
37.24  -0.149905
37.26  -0.152189
37.28  -0.154433
37.3  -0.156638
37.32  -0.158803
37.34  -0.160928
37.36  -0.163011
37.38  -0.165053
37.4  -0.167052
37.42  -0.169009
37.44  -0.170923
37.46  -0.172794
37.48  -0.17462
37.5  -0.176401
37.52  -0.178138
37.54  -0.179829
37.56  -0.181474
37.58  -0.183073
37.6  -0.184625
37.62  -0.18613
37.64  -0.187587
37.66  -0.188997
37.68  -0.190358
37.7  -0.19167
37.72  -0.192934
37.74  -0.194148
37.76  -0.195313
37.78  -0.196428
37.8  -0.197493
37.82  -0.198507
37.84  -0.199471
37.86  -0.200384
37.88  -0.201245
37.9  -0.202055
37.92  -0.202814
37.94  -0.20352
37.96  -0.204175
37.98  -0.204777
38  -0.205328
38.02  -0.205825
38.04  -0.206271
38.06  -0.206663
38.08  -0.207003
38.1  -0.207289
38.12  -0.207523
38.14  -0.207704
38.16  -0.207832
38.18  -0.207906
38.2  -0.207928
38.22  -0.207896
38.24  -0.207811
38.26  -0.207674
38.28  -0.207483
38.3  -0.207239
38.32  -0.206942
38.34  -0.206592
38.36  -0.206189
38.38  -0.205734
38.4  -0.205226
38.42  -0.204665
38.44  -0.204053
38.46  -0.203388
38.48  -0.202671
38.5  -0.201902
38.52  -0.201082
38.54  -0.20021
38.56  -0.199287
38.58  -0.198314
38.6  -0.197289
38.62  -0.196214
38.64  -0.195089
38.66  -0.193914
38.68  -0.192689
38.7  -0.191415
38.72  -0.190092
38.74  -0.188721
38.76  -0.187301
38.78  -0.185834
38.8  -0.184319
38.82  -0.182756
38.84  -0.181147
38.86  -0.179492
38.88  -0.177791
38.9  -0.176044
38.92  -0.174252
38.94  -0.172416
38.96  -0.170535
38.98  -0.168611
39  -0.166644
39.02  -0.164634
39.04  -0.162582
39.06  -0.160489
39.08  -0.158354
39.1  -0.156179
39.12  -0.153964
39.14  -0.151709
39.16  -0.149416
39.18  -0.147084
39.2  -0.144715
39.22  -0.142309
39.24  -0.139866
39.26  -0.137387
39.28  -0.134874
39.3  -0.132326
39.32  -0.129743
39.34  -0.127128
39.36  -0.12448
39.38  -0.121801
39.4  -0.11909
39.42  -0.116348
39.44  -0.113577
39.46  -0.110777
39.48  -0.107948
39.5  -0.105092
39.52  -0.102209
39.54  -0.0992993
39.56  -0.0963644
39.58  -0.0934049
39.6  -0.0904214
39.62  -0.0874148
39.64  -0.0843857
39.66  -0.081335
39.68  -0.0782635
39.7  -0.0751719
39.72  -0.072061
39.74  -0.0689317
39.76  -0.0657846
39.78  -0.0626207
39.8  -0.0594408
39.82  -0.0562455
39.84  -0.0530359
39.86  -0.0498126
39.88  -0.0465765
39.9  -0.0433284
39.92  -0.0400693
39.94  -0.0367998
39.96  -0.0335208
39.98  -0.0302332
40  -0.0269379
